1616749877.224,4.038
1616749882.226,3.287
1616749887.224,3.252
1616749892.224,2.4699999999999998
1616749897.229,2.04
1616749902.234,2.093
1616749907.224,1.984
1616749912.224,2.192
1616749917.232,2.214
1616749922.241,2.032
1616749927.232,2.0140000000000002
1616749932.227,2.024
1616749937.229,2.019
1616749942.229,2.108
1616749947.225,1.89
1616749952.248,1.92
1616749957.231,2.036
1616749962.238,2.076
1616749967.225,2.0519999999999996
1616749972.239,2.193
1616749977.235,2.101
1616749982.227,2.2350000000000003
1616749987.231,2.17
1616749992.248,2.209
1616749997.226,2.189
1616750002.229,2.0949999999999998
1616750007.232,2.154
1616750012.231,2.5989999999999998
1616750017.224,1.96
1616750022.224,1.9889999999999999
1616750027.224,2.263
1616750032.224,1.98
1616750037.224,2.027
1616750042.224,2.081
1616750047.225,2.138
1616750052.224,2.058
1616750057.248,2.057
1616750062.233,2.0949999999999998
1616750067.248,2.798
1616750072.248,1.8890000000000002
1616750077.229,1.995
1616750082.224,2.096
1616750087.226,2.089
1616750092.230,2.112
1616750097.235,2.077
1616750102.238,2.097
1616750107.239,2.231
1616750112.231,2.4379999999999997
1616750117.230,2.301
1616750122.224,2.418
1616750127.248,2.3280000000000003
1616750132.238,2.326
1616750137.227,2.4459999999999997
1616750142.225,2.1959999999999997
1616750147.225,2.094
1616750152.248,2.19
1616750157.240,2.0860000000000003
1616750162.248,2.2569999999999997
1616750167.248,2.1189999999999998
