1616749877.253,1.316
1616749882.253,1.067
1616749887.253,0.747
1616749892.253,0.637
1616749897.253,0.516
1616749902.253,0.506
1616749907.253,0.486
1616749912.253,0.561
1616749917.253,0.556
1616749922.253,0.602
1616749927.253,0.511
1616749932.249,0.452
1616749937.253,0.476
1616749942.253,0.496
1616749947.253,0.506
1616749952.253,0.491
1616749957.253,0.506
1616749962.253,0.5760000000000001
1616749967.251,0.45099999999999996
1616749972.253,0.481
1616749977.253,0.521
1616749982.253,0.45599999999999996
1616749987.253,0.511
1616749992.253,0.531
1616749997.253,0.5609999999999999
1616750002.253,0.606
1616750007.253,0.546
1616750012.253,0.496
1616750017.253,0.521
1616750022.253,0.461
1616750027.253,0.571
1616750032.253,0.486
1616750037.253,0.47100000000000003
1616750042.253,0.466
1616750047.253,0.456
1616750052.249,0.492
1616750057.253,0.431
1616750062.253,0.656
1616750067.253,0.46099999999999997
1616750072.253,0.47600000000000003
1616750077.253,0.516
1616750082.253,0.481
1616750087.253,0.501
1616750092.253,0.416
1616750097.253,0.476
1616750102.253,0.471
1616750107.253,0.44099999999999995
1616750112.253,0.476
1616750117.253,0.421
1616750122.253,0.491
1616750127.253,0.46099999999999997
1616750132.253,0.511
1616750137.253,0.546
1616750142.253,0.511
1616750147.253,0.511
1616750152.253,0.476
1616750157.253,0.5609999999999999
1616750162.253,0.456
1616750167.253,0.486
