1616749877.068,98.754
1616749882.071,99.465
1616749887.086,99.681
1616749892.085,99.78
1616749897.085,99.835
1616749902.085,99.855
1616749907.085,99.875
1616749912.085,99.86
1616749917.085,99.504
1616749922.085,99.424
1616749927.085,99.835
1616749932.085,99.85
1616749937.085,99.86
1616749942.085,99.85
1616749947.085,99.83
1616749952.085,99.85
1616749957.085,99.845
1616749962.085,99.83
1616749967.085,99.85
1616749972.085,99.84
1616749977.085,99.815
1616749982.085,99.8
1616749987.085,99.795
1616749992.085,99.775
1616749997.085,99.84
1616750002.085,99.865
1616750007.085,99.845
1616750012.085,99.825
1616750017.085,99.87
1616750022.085,99.86
1616750027.085,99.865
1616750032.085,99.835
1616750037.085,99.845
1616750042.085,99.82
1616750047.085,99.845
1616750052.085,99.845
1616750057.085,99.85
1616750062.085,99.409
1616750067.085,99.825
1616750072.085,99.82
1616750077.085,99.76
1616750082.085,99.8
1616750087.085,99.825
1616750092.085,99.84
1616750097.085,99.81
1616750102.085,99.83
1616750107.085,99.84
1616750112.085,99.805
1616750117.085,99.825
1616750122.085,99.835
1616750127.085,99.77
1616750132.085,99.82
1616750137.085,99.8
1616750142.085,99.845
1616750147.085,99.82
1616750152.085,99.835
1616750157.085,99.805
1616750162.085,99.86
1616750167.085,99.845
1616750172.085,99.82
