1616769311.935,0.0
1616769316.933,0.0
1616769321.914,0.0
1616769326.919,295936.0
1616769331.919,0.0
1616769336.923,20480.0
1616769341.932,12288.0
1616769346.915,10649.6
1616769351.935,0.0
1616769356.935,58368.0
1616769361.935,819.2
1616769366.914,13926.4
1616769371.935,4915.2
1616769376.935,9011.2
1616769381.935,12288.0
1616769386.935,59084.8
1616769391.935,0.0
1616769396.935,13926.4
1616769401.935,0.0
1616769406.935,4915.2
1616769411.935,819.2
1616769416.935,128921.6
1616769421.935,1638.4
1616769426.935,14745.6
1616769431.935,0.0
1616769436.935,0.0
1616769441.935,61440.0
1616769446.935,56627.2
1616769451.935,12288.0
1616769456.935,75366.4
1616769461.935,3276.8
1616769466.935,0.0
1616769471.935,851148.8
1616769476.935,64921.6
1616769481.935,0.0
1616769486.935,0.0
1616769491.935,0.0
1616769496.935,0.0
1616769501.935,13926.4
1616769506.935,396390.4
1616769511.935,4915.2
1616769516.935,1220608.0
1616769521.935,0.0
1616769526.935,0.0
1616769531.935,0.0
1616769536.935,52428.8
1616769541.935,541491.2
1616769546.935,0.0
1616769551.935,0.0
1616769556.935,0.0
1616769561.935,0.0
1616769566.935,710860.8
1616769571.935,0.0
1616769576.935,0.0
1616769581.935,0.0
1616769586.935,420249.6
1616769591.935,87654.4
1616769596.912,584908.8
1616769601.920,0.0
1616769606.935,87654.4
