1.000,3201.023
2.000,3442.687
3.000,1972.223
4.000,1818.623
5.001,3045.375
6.001,1776.639
7.001,978.431
8.001,894.975
9.001,3145.727
10.001,50036.735
11.001,880.639
12.002,870.399
13.002,1007.103
14.002,1701.887
15.002,3266.559
16.002,949.759
17.002,1844.223
18.002,965.119
19.002,1793.023
20.002,1361.919
21.002,1615.871
22.002,2105.343
23.002,1053.695
24.002,1615.871
25.002,985.599
26.002,1551.359
27.002,967.679
28.002,2961.407
29.002,1667.071
30.002,941.567
31.004,951.295
32.004,2277.375
33.004,911.359
34.004,964.607
35.004,836.095
36.004,1520.639
37.005,1564.671
38.005,22921.215
39.005,1862.655
40.005,1290.239
41.005,2301.951
42.005,3244.031
43.005,25542.655
44.005,1777.663
45.005,14393.343
46.005,1649.663
47.005,4440.063
48.005,924.671
49.005,2105.343
50.005,806.399
51.005,977.919
52.005,986.623
53.005,1026.559
54.005,1208.319
55.005,939.007
56.007,1113.087
57.007,859.135
58.007,978.943
59.007,922.111
60.007,867.327
61.007,983.039
62.007,1184.767
63.007,2418.687
64.008,926.207
65.008,1597.439
66.008,23642.111
67.008,870.911
68.008,1492.991
69.008,3543.039
70.008,1289.215
71.008,1067.007
72.008,1001.471
73.008,894.975
74.008,1682.431
75.008,1367.039
76.008,1262.591
77.008,1829.887
78.008,1356.799
79.008,1504.255
80.008,1610.751
81.008,9158.655
82.008,2643.967
83.008,955.391
84.008,1648.639
85.010,2026.495
86.010,2187.263
87.010,1029.631
88.010,1031.167
89.010,881.151
90.010,1225.727
91.010,968.191
92.010,1782.783
93.011,1626.111
94.011,2891.775
95.011,21626.879
96.011,905.215
97.011,1203.199
98.011,3794.943
99.011,1753.087
100.011,1073.151
101.011,838.143
102.011,856.575
103.012,788.991
104.012,849.919
105.012,5517.311
106.012,903.167
107.012,1956.863
108.012,849.407
109.012,854.015
110.012,1094.655
111.012,1484.799
112.012,1865.727
113.013,1703.935
114.013,939.519
115.013,1923.071
116.013,861.695
117.013,1580.031
118.013,951.295
119.013,883.199
120.013,924.671
121.014,1620.991
122.014,5062.655
123.014,20643.839
124.014,855.551
125.014,2914.303
126.014,1410.047
127.014,894.975
128.014,927.231
129.014,907.775
130.015,1658.879
131.015,1984.511
132.015,2553.855
133.015,858.111
134.015,48201.727
135.015,1094.655
136.015,1346.559
137.015,1132.543
138.015,1392.639
139.015,844.799
140.015,886.271
141.015,1964.031
142.015,1156.095
143.015,916.479
144.015,926.719
145.015,4218.879
146.015,1294.335
147.015,2492.415
148.015,1721.343
149.015,945.663
150.015,3205.119
151.017,17694.719
152.017,17481.727
153.017,984.063
154.017,968.191
155.017,840.703
156.017,1067.007
157.017,1035.775
158.017,1166.335
159.017,924.159
160.018,797.695
161.018,1129.471
162.018,895.999
163.018,1119.231
164.018,893.439
165.018,919.039
166.018,1595.391
167.018,900.095
168.018,1357.823
169.018,2193.407
170.018,784.895
171.018,964.607
172.018,840.191
173.018,854.527
174.018,872.447
175.018,878.079
176.018,1421.311
177.018,858.623
178.018,882.687
179.018,912.383
180.018,18792.447
181.020,2697.215
182.020,3760.127
183.020,876.031
184.020,1068.031
185.020,1052.671
186.020,25001.983
187.020,1581.055
188.020,894.463
189.020,1780.735
190.021,940.543
191.021,2691.071
192.021,899.071
193.021,900.095
194.021,833.535
195.021,3260.415
196.021,1552.383
197.021,848.895
198.021,967.679
199.021,1590.271
200.021,1561.599
201.021,877.055
202.021,4173.823
203.021,2010.111
204.021,901.631
205.021,2967.551
206.021,1008.127
207.021,16687.103
208.021,2273.279
209.021,966.143
210.023,944.639
211.023,1628.159
212.023,1545.215
213.023,936.447
214.023,1994.751
215.023,1000.447
216.023,936.447
217.023,4227.071
218.023,4102.143
219.024,924.159
220.024,1545.215
221.024,974.847
222.024,1430.527
223.024,1531.903
224.024,1550.335
225.024,914.943
226.024,1632.255
227.024,978.431
228.024,915.455
229.025,940.543
230.025,978.943
231.025,943.103
232.025,1118.207
233.025,890.879
234.025,21544.959
235.025,1217.535
236.025,981.503
237.025,3676.159
238.025,1358.847
239.025,1579.007
240.025,915.967
241.025,3221.503
242.025,1612.799
243.025,866.303
244.025,1954.815
245.025,887.295
246.025,906.751
247.025,1628.159
248.025,1130.495
249.025,3129.343
250.027,933.887
251.027,1005.055
252.027,1439.743
253.027,3248.127
254.027,1456.127
255.027,958.463
256.027,1688.575
257.027,2926.591
258.028,858.111
259.028,1144.831
260.028,1012.735
261.028,24051.711
262.028,1444.863
263.028,1528.831
264.028,1580.031
265.028,894.463
266.028,2080.767
267.028,1565.695
268.028,1514.495
269.028,1389.567
270.028,1393.663
271.028,921.599
272.028,886.271
273.028,2838.527
274.028,1041.919
275.028,1591.295
276.028,1649.663
277.030,22020.095
278.030,2476.031
279.030,925.183
280.030,2385.919
281.030,921.599
282.030,1121.279
283.030,923.135
284.030,943.615
285.030,930.303
286.031,956.927
287.031,24444.927
288.031,2228.223
289.031,975.359
290.031,820.735
291.031,885.759
292.031,994.815
293.031,1064.959
294.031,934.911
295.031,815.103
296.031,897.023
297.031,1262.591
298.031,2129.919
