1.000,1010.687
2.000,1032.191
3.000,912.895
4.000,893.951
5.001,911.871
6.001,950.783
7.001,714.751
8.001,689.151
9.001,785.919
10.001,39616.511
11.001,763.903
12.002,778.751
13.002,701.951
14.002,776.703
15.002,871.935
16.002,770.047
17.002,822.271
18.002,847.359
19.002,846.847
20.002,834.047
21.002,829.951
22.002,748.031
23.002,829.439
24.002,884.223
25.002,830.463
26.002,890.879
27.002,671.743
28.002,727.551
29.002,798.719
30.002,679.935
31.004,671.231
32.004,710.143
33.004,684.031
34.004,726.015
35.004,675.327
36.004,766.463
37.005,675.839
38.005,18677.759
39.005,824.831
40.005,799.231
41.005,790.015
42.005,718.847
43.005,16080.895
44.005,709.631
45.005,7458.815
46.005,871.423
47.005,1002.495
48.005,638.463
49.005,777.727
50.005,639.999
51.005,657.919
52.005,654.847
53.005,673.791
54.005,712.191
55.005,670.719
56.007,666.111
57.007,633.343
58.007,652.799
59.007,654.847
60.007,658.431
61.007,678.399
62.007,659.967
63.007,741.375
64.008,659.455
65.008,720.383
66.008,17907.711
67.008,658.431
68.008,660.991
69.008,809.983
70.008,705.023
71.008,677.375
72.008,667.647
73.008,665.087
74.008,844.799
75.008,702.463
76.008,705.023
77.008,716.799
78.008,719.359
79.008,709.631
80.008,753.663
81.008,985.087
82.008,826.879
83.008,649.727
84.008,778.239
85.010,693.759
86.010,784.895
87.010,688.127
88.010,670.207
89.010,702.975
90.010,667.135
91.010,669.183
92.010,847.871
93.011,786.431
94.011,830.975
95.011,15671.295
96.011,679.935
97.011,667.647
98.011,708.095
99.011,786.943
100.011,689.663
101.011,651.775
102.011,660.479
103.012,660.991
104.012,660.479
105.012,1034.751
106.012,661.503
107.012,720.895
108.012,658.943
109.012,662.527
110.012,728.063
111.012,719.359
112.012,784.895
113.013,724.991
114.013,757.759
115.013,697.855
116.013,702.463
117.013,747.519
118.013,677.887
119.013,682.495
120.013,687.615
121.014,818.687
122.014,805.375
123.014,15818.751
124.014,693.759
125.014,831.487
126.014,765.951
127.014,686.591
128.014,664.575
129.014,673.791
130.015,723.455
131.015,783.871
132.015,699.903
133.015,657.407
134.015,39878.655
135.015,802.815
136.015,668.671
137.015,710.143
138.015,660.991
139.015,645.631
140.015,658.431
141.015,815.103
142.015,753.151
143.015,648.703
144.015,659.455
145.015,870.911
146.015,693.759
147.015,769.535
148.015,796.671
149.015,703.999
150.015,787.967
151.017,954.367
152.017,8511.487
153.017,647.167
154.017,642.047
155.017,649.727
156.017,649.727
157.017,658.943
158.017,662.527
159.017,653.311
160.018,643.583
161.018,662.015
162.018,649.727
163.018,650.751
164.018,682.495
165.018,658.943
166.018,652.287
167.018,654.335
168.018,674.303
169.018,687.103
170.018,667.647
171.018,719.871
172.018,655.871
173.018,682.495
174.018,645.119
175.018,643.583
176.018,730.623
177.018,656.383
178.018,650.239
179.018,645.631
180.018,10780.671
181.020,706.559
182.020,739.839
183.020,667.647
184.020,709.631
185.020,677.887
186.020,12378.111
187.020,664.575
188.020,663.551
189.020,934.911
190.021,797.183
191.021,796.671
192.021,652.287
193.021,656.895
194.021,661.503
195.021,709.631
196.021,738.815
197.021,663.551
198.021,722.943
199.021,798.719
200.021,723.967
201.021,671.231
202.021,919.551
203.021,743.423
204.021,749.567
205.021,709.631
206.021,800.255
207.021,12640.255
208.021,684.543
209.021,668.159
210.023,679.423
211.023,771.071
212.023,707.071
213.023,701.439
214.023,726.015
215.023,719.871
216.023,717.311
217.023,951.807
218.023,813.055
219.024,730.623
220.024,744.959
221.024,767.487
222.024,757.759
223.024,733.183
224.024,747.007
225.024,648.703
226.024,818.687
227.024,697.855
228.024,753.663
229.025,762.367
230.025,660.479
231.025,659.455
232.025,723.967
233.025,668.159
234.025,15114.239
235.025,662.527
236.025,692.223
237.025,762.879
238.025,705.023
239.025,670.207
240.025,674.815
241.025,716.287
242.025,718.847
243.025,671.743
244.025,759.295
245.025,672.255
246.025,682.495
247.025,930.815
248.025,676.863
249.025,792.575
250.027,705.535
251.027,691.711
252.027,685.055
253.027,713.215
254.027,727.039
255.027,663.039
256.027,1054.719
257.027,799.231
258.028,653.311
259.028,702.975
260.028,664.063
261.028,18350.079
262.028,717.823
263.028,658.431
264.028,679.423
265.028,680.959
266.028,753.151
267.028,694.271
268.028,698.367
269.028,699.903
270.028,684.543
271.028,690.687
272.028,688.639
273.028,840.191
274.028,679.935
275.028,698.367
276.028,799.743
277.030,16433.151
278.030,735.743
279.030,678.399
280.030,747.519
281.030,671.743
282.030,685.567
283.030,678.911
284.030,709.119
285.030,664.063
286.031,673.791
287.031,19382.271
288.031,690.687
289.031,691.711
290.031,670.207
291.031,703.999
292.031,653.311
293.031,704.511
294.031,690.687
295.031,658.943
296.031,663.551
297.031,654.335
298.031,717.311
