1.000,708.607
2.001,706.047
3.001,696.831
4.001,699.391
5.001,687.615
6.001,692.735
7.001,683.007
8.001,673.791
9.001,675.327
10.001,686.079
11.001,686.591
12.001,677.375
13.001,671.231
14.001,669.183
15.001,675.839
16.001,677.375
17.001,681.471
18.001,682.495
19.003,677.887
20.003,671.743
21.003,679.423
22.003,669.695
23.003,669.695
24.003,678.399
25.003,674.303
26.003,677.887
27.003,685.055
28.004,671.743
29.004,667.135
30.004,660.991
31.004,660.991
32.005,668.671
33.005,668.671
34.005,665.087
35.005,669.183
36.005,673.279
37.005,662.527
38.005,664.575
39.005,655.871
40.005,657.919
41.005,669.183
42.006,668.159
43.006,675.327
44.006,679.935
45.006,676.351
46.006,676.863
47.006,671.743
48.006,675.839
49.007,675.839
50.007,685.055
51.007,684.031
52.007,678.911
53.007,690.175
54.007,666.623
55.007,670.207
56.007,651.263
57.007,659.455
58.008,667.135
59.008,652.287
60.008,654.335
61.008,649.727
62.008,664.575
63.008,668.159
64.008,661.503
65.008,686.079
66.008,679.423
67.009,674.815
68.009,679.935
69.009,686.079
70.009,670.207
71.009,663.551
72.009,680.447
73.009,684.543
74.009,677.375
75.010,671.231
76.010,666.111
77.010,675.327
78.010,663.039
79.010,672.767
80.010,670.719
81.010,681.471
82.010,671.743
83.011,675.327
84.011,671.231
85.011,680.959
86.011,668.159
87.011,680.959
88.011,685.055
89.011,677.887
90.011,662.015
91.011,667.647
92.011,674.815
93.011,680.959
94.011,657.407
95.011,642.047
96.011,660.991
97.011,661.503
98.011,674.303
99.011,674.303
100.011,675.839
101.013,677.887
102.013,683.007
103.013,663.551
104.013,674.303
105.013,680.447
106.013,680.447
107.013,688.127
108.014,680.959
109.014,674.815
110.014,678.399
111.014,672.767
112.014,672.767
113.014,674.815
114.014,668.671
115.014,670.207
116.014,673.279
117.015,678.911
118.015,670.719
119.015,675.839
120.015,671.231
121.015,683.519
122.015,686.079
123.015,681.983
124.015,682.495
125.015,678.911
126.015,686.591
127.016,676.351
128.016,678.399
129.016,678.911
130.016,677.887
131.016,665.599
132.016,675.839
133.016,667.647
134.017,671.231
135.017,691.199
136.017,693.759
137.017,684.543
138.017,686.079
139.017,689.151
140.017,680.447
141.017,684.543
142.017,677.887
143.018,668.159
144.018,677.887
145.018,686.591
146.018,682.495
147.018,679.423
148.018,670.207
149.018,666.111
150.018,676.351
151.018,668.159
152.019,669.695
153.019,678.399
154.019,670.719
155.019,680.959
156.019,668.159
157.019,663.039
158.019,681.983
159.019,680.959
160.020,681.471
161.020,689.151
162.020,671.231
163.020,687.615
164.020,673.791
165.020,693.759
166.020,680.447
167.020,670.207
168.021,675.839
169.021,679.935
170.021,675.839
171.021,673.279
172.021,677.887
173.021,681.983
174.021,684.031
175.021,680.959
176.021,672.255
177.021,669.183
178.021,679.423
179.022,678.911
180.022,683.519
181.022,694.783
182.022,690.687
183.022,681.983
184.022,659.455
185.023,683.519
186.023,667.647
187.023,671.743
188.023,664.063
189.023,656.383
190.023,659.967
191.023,663.039
192.023,666.623
193.023,656.383
194.024,649.727
195.024,659.455
196.024,657.919
197.024,654.335
198.024,657.407
199.024,668.159
200.024,663.039
201.024,666.111
202.024,671.231
203.024,658.431
204.024,661.503
205.024,669.183
206.024,659.455
207.024,661.503
208.024,665.599
209.024,665.087
210.024,676.863
211.024,655.359
212.024,665.599
213.026,675.839
214.026,672.255
215.026,672.255
216.026,673.279
217.026,665.599
218.026,666.623
219.026,664.575
220.026,668.671
221.027,664.063
222.027,660.479
223.027,668.671
224.027,663.039
225.027,666.623
226.027,653.823
227.027,660.991
228.027,664.575
229.027,653.823
230.027,673.279
231.028,676.351
232.028,690.687
233.028,685.567
234.028,679.935
235.028,674.815
236.028,672.767
237.028,669.695
238.028,667.135
239.028,673.279
240.028,678.399
241.029,689.151
242.029,685.567
243.029,691.711
244.029,696.831
245.029,687.615
246.029,690.687
247.029,684.031
248.029,680.959
249.030,684.031
250.030,681.471
251.030,672.255
252.030,681.983
253.030,679.423
254.030,674.303
255.030,679.935
256.030,677.887
257.031,684.543
258.031,670.207
259.031,665.599
260.031,680.959
261.031,670.207
262.031,674.815
263.031,685.567
264.031,667.135
265.031,662.527
266.031,664.063
267.032,672.767
268.032,666.111
269.032,672.255
270.032,679.423
271.032,673.279
272.032,672.255
273.032,673.279
274.032,669.183
275.033,665.599
276.033,668.159
277.033,655.359
278.033,643.583
279.033,645.631
280.033,637.951
281.033,631.807
282.033,645.631
283.033,662.527
284.033,673.279
285.034,676.863
286.034,680.447
287.034,681.471
288.034,678.399
289.034,674.303
290.034,675.327
291.034,657.919
292.034,669.183
293.034,655.871
294.034,653.311
295.034,627.711
296.034,641.535
297.034,647.679
298.034,641.535
