1.000,782.335
2.001,767.999
3.001,763.391
4.001,765.439
5.001,760.831
6.001,760.319
7.001,743.423
8.001,735.743
9.001,750.079
10.001,772.607
11.001,746.495
12.001,743.935
13.001,732.159
14.001,737.791
15.001,733.183
16.001,738.815
17.001,745.471
18.001,744.959
19.003,737.791
20.003,734.207
21.003,743.935
22.003,735.231
23.003,732.159
24.003,753.151
25.003,740.863
26.003,745.983
27.003,747.007
28.004,727.551
29.004,730.111
30.004,716.287
31.004,731.135
32.005,724.991
33.005,737.279
34.005,726.527
35.005,726.527
36.005,739.327
37.005,732.671
38.005,739.327
39.005,723.455
40.005,723.967
41.005,733.183
42.006,733.183
43.006,749.055
44.006,758.783
45.006,754.175
46.006,771.583
47.006,734.719
48.006,745.471
49.007,739.839
50.007,747.007
51.007,751.615
52.007,749.055
53.007,763.903
54.007,734.719
55.007,745.983
56.007,719.359
57.007,722.943
58.008,736.767
59.008,721.919
60.008,721.407
61.008,711.167
62.008,728.575
63.008,731.647
64.008,727.039
65.008,762.879
66.008,747.007
67.009,743.935
68.009,753.663
69.009,752.639
70.009,737.791
71.009,730.623
72.009,746.495
73.009,751.615
74.009,748.031
75.010,738.815
76.010,728.575
77.010,745.471
78.010,734.207
79.010,739.839
80.010,739.839
81.010,752.639
82.010,741.887
83.011,740.863
84.011,734.719
85.011,754.687
86.011,736.767
87.011,751.615
88.011,744.959
89.011,744.959
90.011,727.039
91.011,732.159
92.011,734.207
93.011,749.055
94.011,712.703
95.011,696.831
96.011,732.671
97.011,721.919
98.011,744.447
99.011,744.959
100.011,732.671
101.013,740.351
102.013,744.447
103.013,731.647
104.013,746.495
105.013,751.103
106.013,752.127
107.013,751.615
108.014,737.791
109.014,735.231
110.014,741.887
111.014,731.135
112.014,739.839
113.014,739.327
114.014,729.599
115.014,737.791
116.014,737.791
117.015,748.543
118.015,732.159
119.015,743.423
120.015,736.767
121.015,749.055
122.015,759.295
123.015,749.055
124.015,748.543
125.015,736.255
126.015,755.199
127.016,740.351
128.016,746.495
129.016,741.887
130.016,742.399
131.016,745.983
132.016,736.255
133.016,730.111
134.017,738.303
135.017,756.223
136.017,758.783
137.017,758.783
138.017,754.687
139.017,758.783
140.017,747.007
141.017,752.127
142.017,742.399
143.018,736.767
144.018,744.959
145.018,755.711
146.018,748.031
147.018,745.471
148.018,740.863
149.018,739.839
150.018,745.983
151.018,735.743
152.019,736.255
153.019,745.983
154.019,737.791
155.019,745.471
156.019,733.695
157.019,728.575
158.019,750.591
159.019,749.567
160.020,750.591
161.020,756.735
162.020,744.959
163.020,762.367
164.020,751.615
165.020,761.855
166.020,751.615
167.020,734.207
168.021,743.935
169.021,752.127
170.021,749.055
171.021,743.935
172.021,745.471
173.021,747.007
174.021,757.759
175.021,738.815
176.021,735.743
177.021,736.767
178.021,758.271
179.022,740.863
180.022,749.055
181.022,762.367
182.022,765.951
183.022,746.495
184.022,723.967
185.023,755.711
186.023,732.159
187.023,727.039
188.023,722.431
189.023,719.359
190.023,726.527
191.023,723.455
192.023,733.695
193.023,721.919
194.024,706.047
195.024,718.335
196.024,724.479
197.024,717.823
198.024,718.335
199.024,720.895
200.024,726.015
201.024,728.575
202.024,731.647
203.024,722.431
204.024,723.455
205.024,734.207
206.024,723.455
207.024,728.063
208.024,722.431
209.024,728.575
210.024,742.399
211.024,714.239
212.024,715.775
213.026,736.767
214.026,735.743
215.026,732.671
216.026,741.375
217.026,725.503
218.026,724.991
219.026,722.943
220.026,728.575
221.027,726.015
222.027,725.503
223.027,736.255
224.027,724.479
225.027,733.183
226.027,713.727
227.027,723.967
228.027,723.967
229.027,722.943
230.027,730.623
231.028,740.351
232.028,770.559
233.028,752.127
234.028,737.279
235.028,738.815
236.028,731.135
237.028,732.159
238.028,726.527
239.028,735.231
240.028,745.471
241.029,752.639
242.029,750.591
243.029,755.711
244.029,756.735
245.029,745.983
246.029,750.591
247.029,743.935
248.029,746.495
249.030,749.567
250.030,738.815
251.030,737.791
252.030,740.351
253.030,740.863
254.030,743.423
255.030,739.839
256.030,737.791
257.031,743.423
258.031,738.303
259.031,728.063
260.031,738.303
261.031,737.279
262.031,742.399
263.031,744.447
264.031,736.767
265.031,721.919
266.031,735.231
267.032,739.327
268.032,735.743
269.032,730.111
270.032,736.255
271.032,734.207
272.032,731.135
273.032,742.911
274.032,729.087
275.033,731.135
276.033,729.599
277.033,718.847
278.033,710.143
279.033,713.727
280.033,702.975
281.033,683.519
282.033,705.535
283.033,720.895
284.033,742.399
285.034,738.815
286.034,733.695
287.034,745.983
288.034,738.303
289.034,732.671
290.034,737.791
291.034,721.919
292.034,729.599
293.034,719.871
294.034,715.263
295.034,686.079
296.034,709.631
297.034,703.487
298.034,715.263
