1.000,455.679
2.000,432.127
3.000,435.711
4.000,433.663
5.001,431.103
6.001,443.903
7.001,441.343
8.001,436.223
9.001,418.815
10.001,430.079
11.001,425.471
12.001,425.471
13.002,422.911
14.002,415.743
15.002,431.103
16.002,430.079
17.002,433.151
18.002,440.831
19.002,439.295
20.002,437.247
21.003,436.223
22.003,443.391
23.003,433.663
24.003,435.199
25.003,430.079
26.003,419.327
27.003,422.911
28.003,422.911
29.003,413.183
30.004,443.391
31.004,440.831
32.004,436.223
33.004,418.815
34.004,423.935
35.004,422.399
36.004,415.743
37.004,417.791
38.005,413.695
39.005,428.031
40.005,428.543
41.005,412.159
42.005,423.423
43.005,434.175
44.006,430.591
45.006,429.567
46.006,437.759
47.006,434.175
48.006,428.543
49.006,415.743
50.006,413.695
51.006,423.423
52.007,437.247
53.007,421.887
54.007,416.767
55.007,418.815
56.007,418.303
57.007,424.447
58.007,425.983
59.007,416.767
60.007,422.399
61.007,412.159
62.008,401.407
63.008,402.943
64.008,405.503
65.008,410.623
66.008,400.895
67.008,406.527
68.008,419.327
69.008,423.935
70.009,429.567
71.009,427.007
72.009,421.887
73.009,428.543
74.009,430.079
75.009,434.175
76.009,443.903
77.010,422.399
78.010,411.135
79.010,419.327
80.010,420.351
81.010,428.031
82.010,426.495
83.010,426.495
84.010,420.351
85.011,424.959
86.011,427.007
87.011,438.271
88.011,431.103
89.011,429.055
90.011,439.807
91.011,426.495
92.011,425.983
93.011,408.575
94.012,403.455
95.012,418.815
96.012,418.815
97.012,419.839
98.012,416.767
99.012,404.479
100.012,413.183
101.012,422.911
102.013,427.519
103.013,410.623
104.013,421.887
105.013,419.839
106.013,410.111
107.013,410.111
108.013,413.183
109.013,413.183
110.014,399.871
111.014,402.943
112.014,426.495
113.014,422.399
114.014,412.671
115.014,414.719
116.014,407.551
117.014,408.575
118.014,406.015
119.015,391.167
120.015,396.799
121.015,402.943
122.015,402.431
123.015,405.503
124.015,418.303
125.015,435.199
126.015,413.183
127.016,416.255
128.016,423.423
129.016,425.983
130.016,427.519
131.016,425.471
132.016,416.767
133.016,418.303
134.016,410.111
135.017,398.847
136.017,408.063
137.017,418.303
138.017,418.815
139.017,430.591
140.017,422.911
141.017,415.231
142.017,411.135
143.017,413.183
144.018,418.815
145.018,416.255
146.018,413.183
147.018,411.135
148.018,422.911
149.018,418.815
150.018,418.303
151.019,417.791
152.019,416.255
153.019,414.207
154.019,412.159
155.019,405.503
156.019,408.063
157.019,406.015
158.019,396.287
159.019,404.991
160.020,422.399
161.020,430.591
162.020,436.223
163.020,435.711
164.020,427.519
165.020,433.151
166.020,424.447
167.021,421.887
168.021,422.399
169.021,430.591
170.021,423.935
171.021,421.887
172.021,418.303
173.021,417.791
174.021,413.695
175.022,409.599
176.022,408.063
177.022,411.647
178.022,418.303
179.022,402.431
180.022,400.895
181.022,407.551
182.022,400.383
183.022,400.895
184.023,404.991
185.023,396.287
186.023,407.039
187.023,407.551
188.023,412.159
189.023,411.135
190.023,427.007
191.023,428.031
192.023,424.959
193.023,422.911
194.023,424.447
195.024,413.183
196.024,415.231
197.024,415.743
198.024,407.551
199.024,407.551
200.024,406.015
201.024,408.575
202.024,409.599
203.024,401.407
204.024,402.431
205.025,408.063
206.025,405.503
207.025,408.063
208.025,423.935
209.025,416.767
210.025,412.671
211.025,426.495
212.025,420.863
213.025,426.495
214.026,422.399
215.026,423.423
216.026,415.231
217.026,406.527
218.026,413.183
219.026,415.743
220.026,423.423
221.026,415.231
222.026,414.719
223.026,403.455
224.027,416.767
225.027,416.255
226.027,422.911
227.027,426.495
228.027,410.623
229.027,414.207
230.027,408.575
231.027,411.135
232.027,414.207
233.027,416.255
234.027,417.279
235.027,423.423
236.028,411.647
237.028,407.551
238.028,409.599
239.028,407.551
240.028,407.551
241.028,421.375
242.028,419.327
243.028,418.303
244.028,415.231
245.029,428.031
246.029,432.127
247.029,421.375
248.029,417.791
249.029,429.055
250.029,428.031
251.029,434.687
252.029,421.375
253.029,417.791
254.029,420.351
255.030,413.183
256.030,416.255
257.030,409.087
258.030,405.503
259.030,426.495
260.030,428.543
261.030,420.351
262.030,413.695
263.030,420.351
264.030,419.839
265.031,421.887
266.031,420.863
267.031,420.863
268.031,431.103
269.031,426.495
270.031,434.175
271.031,422.399
272.031,421.375
273.031,401.919
274.032,402.431
275.032,415.743
276.032,407.551
277.032,411.135
278.032,410.623
279.032,404.991
280.032,416.255
281.032,409.087
282.032,415.743
283.032,412.671
284.033,409.087
285.033,412.671
286.033,412.159
287.033,394.239
288.033,408.063
289.033,409.087
290.033,404.991
291.033,409.599
292.033,410.623
293.033,417.791
294.034,412.671
295.034,410.111
296.034,413.183
297.034,407.039
298.034,414.207
