1.000,1583.103
2.000,1580.031
3.000,1005.055
4.000,1820.671
5.001,1224.703
6.001,1155.071
7.001,1097.727
8.001,965.631
9.001,1039.359
10.001,47906.815
11.001,1010.175
12.002,994.815
13.002,946.687
14.002,955.903
15.002,980.479
16.002,1069.055
17.002,1331.199
18.002,1065.983
19.002,1026.047
20.002,982.527
21.002,1057.791
22.002,1005.567
23.002,992.767
24.002,1063.935
25.002,955.391
26.002,1003.519
27.002,978.431
28.002,1070.079
29.002,1012.223
30.002,1026.559
31.004,926.719
32.004,957.439
33.004,957.951
34.004,1048.063
35.004,973.311
36.004,1014.783
37.005,969.727
38.005,14630.911
39.005,1098.751
40.005,1061.887
41.005,1042.943
42.005,1486.847
43.005,18153.471
44.005,972.799
45.005,4435.967
46.005,974.335
47.005,967.167
48.005,914.943
49.005,1081.343
50.005,951.295
51.005,960.511
52.005,904.703
53.005,956.415
54.005,964.607
55.005,978.431
56.007,974.847
57.007,873.983
58.007,909.823
59.007,896.511
60.007,874.495
61.007,1147.903
62.007,877.567
63.007,897.535
64.008,918.015
65.008,1573.887
66.008,17104.895
67.008,863.231
68.008,982.527
69.008,989.183
70.008,1054.719
71.008,1020.415
72.008,912.383
73.008,935.935
74.008,1052.671
75.008,948.223
76.008,1068.031
77.008,1003.007
78.008,1002.495
79.008,1025.023
80.008,1056.767
81.008,6397.951
82.008,997.375
83.008,903.679
84.008,997.887
85.010,1002.495
86.010,956.927
87.010,912.895
88.010,927.231
89.010,930.303
90.010,957.439
91.010,931.839
92.010,916.991
93.011,996.351
94.011,1417.215
95.011,17334.271
96.011,906.239
97.011,936.447
98.011,953.343
99.011,1029.631
100.011,955.391
101.011,914.431
102.011,930.303
103.012,908.799
104.012,997.887
105.012,1032.191
106.012,875.007
107.012,958.463
108.012,881.663
109.012,945.663
110.012,908.799
111.012,880.639
112.012,1511.423
113.013,888.319
114.013,953.855
115.013,915.967
116.013,940.031
117.013,963.583
118.013,976.383
119.013,948.223
120.013,935.935
121.014,1028.095
122.014,1146.879
123.014,10469.375
124.014,926.207
125.014,1088.511
126.014,1040.895
127.014,1112.063
128.014,933.375
129.014,919.551
130.015,982.015
131.015,1047.039
132.015,922.623
133.015,909.311
134.015,38174.719
135.015,1047.551
136.015,922.623
137.015,885.759
138.015,882.687
139.015,880.639
140.015,974.335
141.015,1049.599
142.015,1061.887
143.015,891.391
144.015,894.463
145.015,937.471
146.015,1011.199
147.015,1184.767
148.015,1018.879
149.015,925.695
150.015,932.351
151.017,1137.663
152.017,14467.071
153.017,892.927
154.017,1008.127
155.017,971.775
156.017,1011.711
157.017,1038.847
158.017,1038.335
159.017,970.239
160.018,887.807
161.018,910.335
162.018,1047.551
163.018,883.711
164.018,919.039
165.018,904.191
166.018,948.735
167.018,964.095
168.018,913.919
169.018,1068.031
170.018,921.087
171.018,961.535
172.018,867.327
173.018,1009.663
174.018,888.319
175.018,942.079
176.018,962.559
177.018,887.807
178.018,911.871
179.018,907.775
180.018,10600.447
181.020,960.511
182.020,1040.895
183.020,970.751
184.020,1056.767
185.020,953.855
186.020,20168.703
187.020,1056.767
188.020,947.199
189.020,1220.607
190.021,1019.903
191.021,1121.279
192.021,909.311
193.021,906.239
194.021,889.343
195.021,982.527
196.021,1082.367
197.021,873.983
198.021,939.007
199.021,1161.215
200.021,969.727
201.021,933.887
202.021,1144.831
203.021,956.927
204.021,917.503
205.021,1018.879
206.021,960.511
207.021,13680.639
208.021,1032.703
209.021,940.543
210.023,949.759
211.023,949.247
212.023,1118.207
213.023,1040.895
214.023,922.111
215.023,919.551
216.023,890.367
217.023,1379.327
218.023,970.239
219.024,905.215
220.024,945.663
221.024,894.463
222.024,1036.799
223.024,928.767
224.024,1118.207
225.024,899.583
226.024,975.359
227.024,984.063
228.024,908.287
229.025,978.431
230.025,917.503
231.025,924.671
232.025,906.239
233.025,944.639
234.025,18874.367
235.025,901.631
236.025,1035.775
237.025,1233.919
238.025,888.831
239.025,1004.031
240.025,957.439
241.025,1007.615
242.025,890.367
243.025,905.215
244.025,923.135
245.025,941.055
246.025,958.975
247.025,958.463
248.025,1004.543
249.025,1111.039
250.027,904.703
251.027,899.071
252.027,1048.063
253.027,1004.031
254.027,1045.503
255.027,940.543
256.027,1529.855
257.027,1067.007
258.028,978.943
259.028,1042.431
260.028,954.879
261.028,17301.503
262.028,1056.767
263.028,1077.247
264.028,915.455
265.028,887.295
266.028,947.199
267.028,889.343
268.028,880.639
269.028,1196.031
270.028,969.215
271.028,921.087
272.028,973.311
273.028,1293.311
274.028,954.879
275.028,944.639
276.028,932.351
277.030,19841.023
278.030,945.151
279.030,922.623
280.030,917.503
281.030,905.215
282.030,1110.015
283.030,936.959
284.030,965.119
285.030,911.359
286.031,926.719
287.031,16080.895
288.031,999.935
289.031,1008.639
290.031,856.063
291.031,970.239
292.031,969.727
293.031,987.647
294.031,1014.271
295.031,895.487
296.031,968.191
297.031,963.071
298.031,1442.815
