1.000,1699.839
2.001,4710.399
3.001,5025.791
4.001,4149.247
5.001,4722.687
6.001,1577.983
7.001,1660.927
8.001,1531.903
9.001,1888.255
10.001,31555.583
11.001,1592.319
12.001,1456.127
13.001,1753.087
14.001,1822.719
15.001,3926.015
16.001,1354.751
17.001,1581.055
18.001,1696.767
19.003,2012.159
20.003,1086.463
21.003,2254.847
22.003,2803.711
23.003,1211.391
24.003,32374.783
25.003,1604.607
26.003,1479.679
27.003,4517.887
28.004,6086.655
29.004,2506.751
30.004,1196.031
31.004,1814.527
32.005,3368.959
33.005,2867.199
34.005,1821.695
35.005,1587.199
36.005,1537.023
37.005,19660.799
38.005,1159.167
39.005,16924.671
40.005,1630.207
41.005,1709.055
42.006,1597.439
43.006,2215.935
44.006,4218.879
45.006,4489.215
46.006,83099.647
47.006,3141.631
48.006,1953.791
49.007,1286.143
50.007,1300.479
51.007,2451.455
52.007,1420.287
53.007,4038.655
54.007,1727.487
55.007,1783.807
56.007,1555.455
57.007,2953.215
58.008,2215.935
59.008,5124.095
60.008,1545.215
61.008,5468.159
62.008,997.887
63.008,1196.031
64.008,1743.871
65.008,21610.495
66.008,5824.511
67.009,1167.359
68.009,5492.735
69.009,1122.303
70.009,5029.887
71.009,2445.311
72.009,1179.647
73.009,1802.239
74.009,1199.103
75.010,2551.807
76.010,2103.295
77.010,4091.903
78.010,5611.519
79.010,1297.407
80.010,3538.943
81.010,1196.031
82.010,3313.663
83.011,1204.223
84.011,1942.527
85.011,5390.335
86.011,1032.191
87.011,1856.511
88.011,4509.695
89.011,2637.823
90.011,2115.583
91.011,1889.279
92.011,3422.207
93.011,18726.911
94.011,4870.143
95.011,2729.983
96.011,4681.727
97.011,3811.327
98.011,1464.319
99.011,1359.871
100.011,2859.007
101.013,1778.687
102.013,2502.655
103.013,3051.519
104.013,1449.983
105.013,5365.759
106.013,1793.023
107.013,2576.383
108.014,1147.903
109.014,1899.519
110.014,2215.935
111.014,1776.639
112.014,2531.327
113.014,1585.151
114.014,5541.887
115.014,2965.503
116.014,4435.967
117.015,3526.655
118.015,1215.487
119.015,1774.591
120.015,1903.615
121.015,1933.311
122.015,19202.047
123.015,2185.215
124.015,1214.463
125.015,1735.679
126.015,5296.127
127.016,1858.559
128.016,3454.975
129.016,1285.119
130.016,1841.151
131.016,1623.039
132.016,3022.847
133.016,1922.047
134.017,1087.487
135.017,3416.063
136.017,1653.759
137.017,1724.415
138.017,2344.959
139.017,5476.351
140.017,3815.423
141.017,2793.471
142.017,1151.999
143.018,2930.687
144.018,1200.127
145.018,1862.655
146.018,2709.503
147.018,2164.735
148.018,3577.855
149.018,4870.143
150.018,27623.423
151.018,2001.919
152.019,2062.335
153.019,2054.143
154.019,2041.855
155.019,1637.375
156.019,3086.335
157.019,2082.815
158.019,5513.215
159.019,1373.183
160.020,1807.359
161.020,3502.079
162.020,2326.527
163.020,24526.847
164.020,2068.479
165.020,1305.599
166.020,4521.983
167.020,4898.815
168.021,3035.135
169.021,1883.135
170.021,4292.607
171.021,3373.055
172.021,1264.639
173.021,2036.735
174.021,2077.695
175.021,1910.783
176.021,1973.247
177.021,4464.639
178.021,26312.703
179.022,4550.655
180.022,1815.551
181.022,1805.311
182.022,4069.375
183.022,4358.143
184.022,1638.399
185.023,48758.783
186.023,2437.119
187.023,1278.975
188.023,5165.055
189.023,2113.535
190.023,3665.919
191.023,1474.559
192.023,4743.167
193.023,5734.399
194.024,1021.951
195.024,2646.015
196.024,1783.807
197.024,1654.783
198.024,2744.319
199.024,1360.895
200.024,1224.703
201.024,1157.119
202.024,1922.047
203.024,1168.383
204.024,1165.311
205.024,20250.623
206.024,5201.919
207.024,2365.439
208.024,2093.055
209.024,5345.279
210.024,3047.423
211.024,4083.711
212.024,1959.935
213.026,1054.719
214.026,3807.231
215.026,1463.295
216.026,5099.519
217.026,2758.655
218.026,3497.983
219.026,2301.951
220.026,1513.471
221.027,1821.695
222.027,2891.775
223.027,1098.751
224.027,1283.071
225.027,4517.887
226.027,1101.823
227.027,1455.103
228.027,1737.727
229.027,2498.559
230.027,1646.591
231.028,1077.247
232.028,56590.335
233.028,1992.703
234.028,2355.199
235.028,1411.071
236.028,1303.551
237.028,1948.671
238.028,3942.399
239.028,2684.927
240.028,1090.559
241.029,1253.375
242.029,1163.263
243.029,1968.127
244.029,4390.911
245.029,1848.319
246.029,1197.055
247.029,1047.551
248.029,2484.223
249.030,4603.903
250.030,1961.983
251.030,1423.359
252.030,1789.951
253.030,2744.319
254.030,1954.815
255.030,1059.839
256.030,2920.447
257.031,4112.383
258.031,23281.663
259.031,3112.959
260.031,1562.623
261.031,1652.735
262.031,1117.183
263.031,2240.511
264.031,2019.327
265.031,1340.415
266.031,1951.743
267.032,2008.063
268.032,3141.631
269.032,2717.695
270.032,1091.583
271.032,1960.959
272.032,985.087
273.032,3975.167
274.032,1470.463
275.033,4759.551
276.033,1904.639
277.033,1908.735
278.033,2803.711
279.033,1424.383
280.033,2347.007
281.033,1048.575
282.033,2813.951
283.033,2570.239
284.033,20971.519
285.034,2203.647
286.034,3500.031
287.034,1326.079
288.034,3987.455
289.034,4374.527
290.034,2412.543
291.034,5259.263
292.034,1132.543
293.034,1746.943
294.034,2097.151
295.034,3510.271
296.034,2476.031
297.034,5152.767
298.034,6168.575
