1.000,104.149
2.001,362.577
3.001,132.873
4.001,134.014
5.001,249.306
6.001,88.345
7.001,87.655
8.001,91.699
9.001,114.744
10.001,3397.432
11.001,82.688
12.001,81.356
13.001,85.701
14.001,108.475
15.001,151.852
16.001,127.512
17.001,84.165
18.001,92.308
19.003,89.162
20.003,86.315
21.003,82.293
22.003,139.441
23.003,83.244
24.003,3065.252
25.003,87.81
26.003,88.577
27.003,150.544
28.004,153.458
29.004,122.403
30.004,87.436
31.004,102.856
32.005,91.329
33.005,102.156
34.005,93.635
35.005,81.6
36.005,91.309
37.005,1929.351
38.005,89.401
39.005,1010.529
40.005,88.394
41.005,97.066
42.006,82.627
43.006,104.112
44.006,232.403
45.006,267.782
46.006,13597.972
47.006,98.216
48.006,95.185
49.007,82.902
50.007,100.834
51.007,93.43
52.007,83.104
53.007,189.116
54.007,97.931
55.007,89.959
56.007,88.752
57.007,108.267
58.008,118.175
59.008,140.078
60.008,92.056
61.008,98.685
62.008,77.46
63.008,81.713
64.008,92.866
65.008,2104.903
66.008,204.547
67.009,79.244
68.009,233.66
69.009,82.012
70.009,198.331
71.009,87.025
72.009,77.912
73.009,106.368
74.009,79.895
75.010,102.675
76.010,84.599
77.010,178.351
78.010,115.898
79.010,81.998
80.010,178.959
81.010,82.389
82.010,144.467
83.011,85.164
84.011,113.3
85.011,148.399
86.011,93.095
87.011,148.741
88.011,172.348
89.011,102.045
90.011,123.08
91.011,103.213
92.011,86.631
93.011,2236.053
94.011,127.768
95.011,131.253
96.011,79.739
97.011,107.451
98.011,115.495
99.011,102.079
100.011,125.103
101.013,96.868
102.013,98.746
103.013,91.867
104.013,93.2
105.013,243.679
106.013,115.496
107.013,146.498
108.014,79.485
109.014,84.218
110.014,131.4
111.014,87.835
112.014,107.966
113.014,92.652
114.014,181.549
115.014,95.9
116.014,310.255
117.015,115.882
118.015,84.827
119.015,106.168
120.015,88.734
121.015,95.373
122.015,1899.269
123.015,80.074
124.015,90.399
125.015,92.119
126.015,118.752
127.016,94.018
128.016,110.362
129.016,100.242
130.016,131.209
131.016,97.457
132.016,172.685
133.016,97.187
134.017,92.296
135.017,205.727
136.017,95.91
137.017,95.404
138.017,137.048
139.017,116.578
140.017,207.905
141.017,252.404
142.017,88.279
143.018,98.825
144.018,89.805
145.018,91.989
146.018,128.924
147.018,97.107
148.018,165.907
149.018,197.211
150.018,3066.007
151.018,121.527
152.019,94.609
153.019,121.37
154.019,87.146
155.019,88.176
156.019,153.476
157.019,133.522
158.019,118.227
159.019,87.072
160.020,87.695
161.020,162.566
162.020,101.31
163.020,1786.263
164.020,92.536
165.020,89.932
166.020,118.017
167.020,168.793
168.021,103.337
169.021,88.045
170.021,191.719
171.021,160.021
172.021,85.887
173.021,106.311
174.021,115.616
175.021,83.512
176.021,94.603
177.021,1033.298
178.021,2427.0
179.022,86.607
180.022,93.111
181.022,114.282
182.022,172.761
183.022,188.801
184.022,95.795
185.023,5593.757
186.023,96.042
187.023,116.674
188.023,168.883
189.023,117.58
190.023,233.386
191.023,87.2
192.023,180.647
193.023,144.685
194.024,85.58
195.024,115.556
196.024,172.236
197.024,108.946
198.024,98.089
199.024,85.515
200.024,85.156
201.024,86.523
202.024,101.083
203.024,100.828
204.024,87.518
205.024,1934.782
206.024,164.492
207.024,127.231
208.024,112.357
209.024,131.718
210.024,104.802
211.024,104.854
212.024,97.075
213.026,136.452
214.026,184.872
215.026,83.001
216.026,135.965
217.026,134.56
218.026,99.775
219.026,96.392
220.026,96.95
221.027,92.904
222.027,109.66
223.027,83.873
224.027,97.412
225.027,94.435
226.027,99.659
227.027,92.504
228.027,86.639
229.027,96.592
230.027,86.646
231.028,84.825
232.028,8572.25
233.028,90.136
234.028,97.098
235.028,83.103
236.028,92.565
237.028,99.668
238.028,93.397
239.028,88.2
240.028,84.194
241.029,81.983
242.029,81.974
243.029,106.089
244.029,171.484
245.029,88.668
246.029,79.017
247.029,81.95
248.029,166.702
249.030,100.139
250.030,97.469
251.030,103.049
252.030,89.356
253.030,134.101
254.030,122.091
255.030,80.22
256.030,94.932
257.031,127.477
258.031,2462.541
259.031,196.37
260.031,80.416
261.031,78.601
262.031,82.783
263.031,97.765
264.031,88.161
265.031,82.929
266.031,89.988
267.032,87.005
268.032,181.661
269.032,104.652
270.032,83.075
271.032,84.125
272.032,80.244
273.032,120.989
274.032,85.921
275.033,117.21
276.033,91.116
277.033,88.248
278.033,137.071
279.033,107.082
280.033,135.334
281.033,71.43
282.033,137.535
283.033,134.095
284.033,2219.647
285.034,93.61
286.034,172.155
287.034,109.465
288.034,246.503
289.034,94.339
290.034,113.114
291.034,133.883
292.034,91.827
293.034,107.996
294.034,129.87
295.034,124.03
296.034,123.751
297.034,208.464
298.034,161.0
