1.000,622.591
2.001,632.831
3.001,623.103
4.001,613.887
5.001,607.231
6.001,604.159
7.001,602.111
8.001,587.263
9.001,601.087
10.001,620.031
11.001,586.751
12.001,591.871
13.001,583.679
14.001,588.287
15.001,584.191
16.001,589.311
17.001,591.871
18.001,596.991
19.003,593.919
20.003,589.311
21.003,589.823
22.003,588.287
23.003,593.407
24.003,609.791
25.003,593.407
26.003,596.991
27.003,601.087
28.004,593.919
29.004,598.527
30.004,583.167
31.004,594.943
32.005,587.263
33.005,590.847
34.005,593.919
35.005,585.215
36.005,588.287
37.005,594.431
38.005,587.263
39.005,590.335
40.005,591.871
41.005,592.383
42.006,588.287
43.006,601.599
44.006,597.503
45.006,613.375
46.006,955.391
47.006,601.087
48.006,610.303
49.007,608.255
50.007,622.079
51.007,610.815
52.007,607.231
53.007,619.519
54.007,610.303
55.007,596.479
56.007,583.167
57.007,586.239
58.008,594.943
59.008,586.751
60.008,589.311
61.008,589.823
62.008,581.631
63.008,590.847
64.008,601.087
65.008,629.247
66.008,608.767
67.009,604.159
68.009,606.207
69.009,608.767
70.009,600.063
71.009,590.847
72.009,604.159
73.009,614.911
74.009,608.767
75.010,592.895
76.010,600.575
77.010,598.527
78.010,601.087
79.010,596.479
80.010,607.231
81.010,615.423
82.010,601.087
83.011,593.407
84.011,597.503
85.011,614.399
86.011,596.991
87.011,615.935
88.011,613.375
89.011,606.719
90.011,596.479
91.011,593.919
92.011,603.647
93.011,614.911
94.011,581.119
95.011,569.343
96.011,584.191
97.011,594.431
98.011,602.623
99.011,608.767
100.011,605.695
101.013,610.303
102.013,612.351
103.013,607.743
104.013,606.207
105.013,609.791
106.013,618.495
107.013,607.231
108.014,601.087
109.014,598.015
110.014,608.767
111.014,601.087
112.014,606.719
113.014,611.327
114.014,611.839
115.014,604.671
116.014,610.303
117.015,618.495
118.015,607.231
119.015,610.815
120.015,614.399
121.015,621.055
122.015,624.639
123.015,603.135
124.015,607.231
125.015,613.887
126.015,622.591
127.016,609.791
128.016,607.231
129.016,607.743
130.016,604.159
131.016,608.767
132.016,619.519
133.016,611.327
134.017,605.183
135.017,619.007
136.017,624.127
137.017,622.079
138.017,622.591
139.017,619.519
140.017,617.983
141.017,621.055
142.017,613.887
143.018,611.327
144.018,608.255
145.018,612.351
146.018,615.935
147.018,608.255
148.018,606.207
149.018,600.575
150.018,642.559
151.018,599.551
152.019,598.015
153.019,605.695
154.019,609.791
155.019,619.007
156.019,597.503
157.019,600.575
158.019,620.543
159.019,609.279
160.020,610.303
161.020,614.399
162.020,604.159
163.020,630.271
164.020,604.671
165.020,613.375
166.020,606.719
167.020,601.087
168.021,594.431
169.021,610.815
170.021,603.135
171.021,607.743
172.021,607.231
173.021,608.767
174.021,609.791
175.021,593.407
176.021,601.599
177.021,596.479
178.021,626.175
179.022,591.871
180.022,610.815
181.022,621.055
182.022,625.151
183.022,615.423
184.022,597.503
185.023,660.479
186.023,594.431
187.023,596.479
188.023,593.919
189.023,592.895
190.023,596.991
191.023,587.263
192.023,596.991
193.023,591.359
194.024,578.559
195.024,593.407
196.024,592.895
197.024,590.335
198.024,591.871
199.024,591.359
200.024,592.383
201.024,592.895
202.024,603.647
203.024,593.919
204.024,596.991
205.024,605.183
206.024,593.407
207.024,590.847
208.024,594.943
209.024,602.623
210.024,595.455
211.024,584.191
212.024,586.751
213.026,599.551
214.026,595.967
215.026,594.943
216.026,601.599
217.026,604.159
218.026,597.503
219.026,590.847
220.026,595.455
221.027,591.871
222.027,589.311
223.027,594.943
224.027,593.919
225.027,600.063
226.027,583.679
227.027,598.527
228.027,599.039
229.027,589.823
230.027,599.039
231.028,613.887
232.028,703.999
233.028,618.495
234.028,614.399
235.028,600.575
236.028,604.671
237.028,609.279
238.028,592.383
239.028,599.551
240.028,602.623
241.029,611.839
242.029,610.303
243.029,622.591
244.029,620.031
245.029,613.375
246.029,606.719
247.029,601.599
248.029,602.623
249.030,611.839
250.030,602.111
251.030,598.015
252.030,604.671
253.030,599.551
254.030,589.823
255.030,591.359
256.030,599.039
257.031,611.327
258.031,606.207
259.031,585.727
260.031,603.135
261.031,595.455
262.031,602.111
263.031,606.719
264.031,602.623
265.031,590.335
266.031,594.431
267.032,593.919
268.032,600.575
269.032,596.991
270.032,592.895
271.032,596.991
272.032,592.895
273.032,595.967
274.032,590.335
275.033,588.799
276.033,589.311
277.033,581.119
278.033,586.751
279.033,587.775
280.033,566.271
281.033,555.007
282.033,570.367
283.033,588.287
284.033,612.351
285.034,599.551
286.034,603.135
287.034,606.719
288.034,606.719
289.034,588.799
290.034,591.871
291.034,581.119
292.034,587.263
293.034,585.215
294.034,598.015
295.034,560.127
296.034,577.535
297.034,583.167
298.034,583.167
