1.000,510.975
2.000,488.959
3.000,490.495
4.000,490.495
5.001,483.839
6.001,496.639
7.001,495.103
8.001,489.983
9.001,474.111
10.001,485.887
11.001,480.255
12.001,482.303
13.002,483.327
14.002,471.039
15.002,484.351
16.002,486.911
17.002,488.447
18.002,493.567
19.002,487.935
20.002,486.911
21.003,492.543
22.003,494.079
23.003,483.839
24.003,484.351
25.003,482.303
26.003,474.111
27.003,471.551
28.003,473.087
29.003,470.527
30.004,498.687
31.004,493.567
32.004,488.447
33.004,470.015
34.004,476.159
35.004,472.063
36.004,465.919
37.004,466.431
38.005,465.407
39.005,480.255
40.005,484.863
41.005,461.311
42.005,476.671
43.005,485.887
44.006,482.815
45.006,484.351
46.006,493.567
47.006,487.423
48.006,483.327
49.006,468.479
50.006,469.503
51.006,478.719
52.007,489.471
53.007,469.503
54.007,467.967
55.007,473.599
56.007,470.015
57.007,476.671
58.007,479.743
59.007,467.967
60.007,479.743
61.007,465.407
62.008,456.703
63.008,456.191
64.008,458.239
65.008,467.455
66.008,455.679
67.008,458.751
68.008,473.087
69.008,477.695
70.009,480.767
71.009,477.183
72.009,475.647
73.009,484.351
74.009,484.351
75.009,486.399
76.009,495.615
77.010,477.183
78.010,465.919
79.010,479.231
80.010,475.135
81.010,478.719
82.010,479.231
83.010,478.207
84.010,476.159
85.011,479.743
86.011,478.207
87.011,494.079
88.011,486.911
89.011,484.863
90.011,496.639
91.011,480.255
92.011,481.791
93.011,464.895
94.012,460.799
95.012,474.623
96.012,472.063
97.012,476.159
98.012,476.159
99.012,457.727
100.012,466.943
101.012,477.183
102.013,480.255
103.013,463.359
104.013,474.623
105.013,477.183
106.013,462.335
107.013,465.919
108.013,463.359
109.013,464.383
110.014,451.071
111.014,453.631
112.014,475.647
113.014,476.671
114.014,463.871
115.014,469.503
116.014,456.703
117.014,461.823
118.014,457.215
119.015,444.927
120.015,445.439
121.015,449.535
122.015,450.047
123.015,457.215
124.015,465.919
125.015,488.447
126.015,462.335
127.016,462.847
128.016,473.599
129.016,474.623
130.016,479.231
131.016,470.527
132.016,466.431
133.016,467.455
134.016,457.215
135.017,452.095
136.017,458.239
137.017,467.455
138.017,465.407
139.017,478.719
140.017,475.647
141.017,461.311
142.017,461.311
143.017,459.263
144.018,463.359
145.018,466.943
146.018,462.847
147.018,456.703
148.018,471.039
149.018,467.455
150.018,467.455
151.019,470.527
152.019,466.431
153.019,461.823
154.019,459.775
155.019,457.727
156.019,456.191
157.019,452.095
158.019,449.535
159.019,451.583
160.020,468.991
161.020,476.159
162.020,483.839
163.020,487.423
164.020,471.551
165.020,482.815
166.020,475.647
167.021,472.575
168.021,472.063
169.021,477.183
170.021,472.063
171.021,473.599
172.021,467.967
173.021,468.479
174.021,460.799
175.022,458.751
176.022,463.871
177.022,462.847
178.022,465.407
179.022,450.047
180.022,452.095
181.022,457.727
182.022,447.999
183.022,448.511
184.023,452.607
185.023,446.463
186.023,459.775
187.023,458.751
188.023,457.215
189.023,459.263
190.023,474.111
191.023,478.719
192.023,475.135
193.023,475.647
194.023,473.599
195.024,465.919
196.024,471.039
197.024,468.479
198.024,459.775
199.024,460.799
200.024,455.679
201.024,460.287
202.024,463.359
203.024,451.583
204.024,456.703
205.025,459.263
206.025,457.727
207.025,460.287
208.025,477.695
209.025,469.503
210.025,467.455
211.025,474.623
212.025,473.087
213.025,479.743
214.026,474.623
215.026,474.623
216.026,463.359
217.026,459.263
218.026,462.847
219.026,471.551
220.026,474.111
221.026,467.455
222.026,468.991
223.026,462.847
224.027,471.551
225.027,467.967
226.027,475.135
227.027,474.623
228.027,462.335
229.027,464.383
230.027,461.823
231.027,462.847
232.027,461.823
233.027,462.847
234.027,471.039
235.027,474.623
236.028,462.847
237.028,458.239
238.028,462.335
239.028,455.679
240.028,456.191
241.028,471.551
242.028,471.039
243.028,472.575
244.028,468.991
245.029,476.671
246.029,481.279
247.029,469.503
248.029,468.991
249.029,479.743
250.029,477.183
251.029,485.375
252.029,477.183
253.029,470.527
254.029,475.647
255.030,466.431
256.030,470.527
257.030,459.263
258.030,461.311
259.030,477.695
260.030,478.719
261.030,470.527
262.030,468.991
263.030,473.599
264.030,468.991
265.031,471.039
266.031,468.479
267.031,470.015
268.031,478.207
269.031,475.135
270.031,482.303
271.031,468.991
272.031,472.575
273.031,460.287
274.032,456.703
275.032,467.455
276.032,467.455
277.032,464.383
278.032,463.871
279.032,460.287
280.032,466.431
281.032,462.335
282.032,467.455
283.032,467.967
284.033,457.727
285.033,464.895
286.033,462.847
287.033,453.119
288.033,465.919
289.033,462.335
290.033,459.775
291.033,464.383
292.033,458.751
293.033,468.991
294.034,468.479
295.034,463.359
296.034,464.895
297.034,465.407
298.034,470.015
