1.000,671.743
2.000,654.335
3.000,658.431
4.000,639.487
5.001,637.439
6.001,600.575
7.001,624.639
8.001,620.543
9.001,622.591
10.001,640.511
11.001,609.791
12.002,624.127
13.002,619.007
14.002,620.031
15.002,622.591
16.002,616.447
17.002,629.759
18.002,636.927
19.002,634.879
20.002,632.319
21.002,621.055
22.002,608.767
23.002,627.711
24.002,623.615
25.002,620.543
26.002,618.495
27.002,614.911
28.002,617.471
29.002,620.031
30.002,631.295
31.004,622.591
32.004,626.175
33.004,619.519
34.004,620.031
35.004,619.007
36.004,616.959
37.005,605.695
38.005,613.375
39.005,625.151
40.005,627.199
41.005,618.495
42.005,621.055
43.005,625.151
44.005,612.351
45.005,609.279
46.005,609.279
47.005,605.183
48.005,597.503
49.005,597.503
50.005,603.135
51.005,596.479
52.005,590.847
53.005,605.183
54.005,598.015
55.005,612.863
56.007,597.503
57.007,598.015
58.007,599.551
59.007,604.671
60.007,593.407
61.007,593.919
62.007,588.799
63.007,601.087
64.008,613.375
65.008,617.471
66.008,602.623
67.008,611.327
68.008,604.671
69.008,614.399
70.008,615.423
71.008,619.007
72.008,605.695
73.008,622.079
74.008,615.423
75.008,615.935
76.008,620.543
77.008,641.023
78.008,638.463
79.008,629.247
80.008,629.759
81.008,635.903
82.008,615.935
83.008,598.527
84.008,592.895
85.010,617.471
86.010,611.327
87.010,629.247
88.010,628.735
89.010,614.911
90.010,630.783
91.010,624.127
92.010,624.127
93.011,609.791
94.011,626.175
95.011,619.519
96.011,618.495
97.011,604.159
98.011,607.231
99.011,614.911
100.011,619.519
101.011,594.431
102.011,593.919
103.012,598.527
104.012,592.383
105.012,588.799
106.012,593.407
107.012,590.847
108.012,593.919
109.012,593.919
110.012,596.991
111.012,585.215
112.012,593.407
113.013,592.895
114.013,593.919
115.013,598.015
116.013,580.095
117.013,602.623
118.013,573.439
119.013,592.895
120.013,587.775
121.014,598.015
122.014,600.575
123.014,604.159
124.014,600.063
125.014,600.063
126.014,616.959
127.014,622.591
128.014,602.111
129.014,615.423
130.015,615.935
131.015,613.375
132.015,605.183
133.015,605.183
134.015,611.327
135.015,596.991
136.015,587.775
137.015,589.823
138.015,589.823
139.015,590.335
140.015,600.063
141.015,588.287
142.015,591.871
143.015,591.359
144.015,609.791
145.015,605.183
146.015,606.719
147.015,603.647
148.015,597.503
149.015,600.575
150.015,605.695
151.017,602.111
152.017,599.039
153.017,598.527
154.017,593.407
155.017,610.815
156.017,609.279
157.017,598.015
158.017,607.231
159.017,600.575
160.018,603.647
161.018,614.399
162.018,613.887
163.018,594.943
164.018,607.231
165.018,609.279
166.018,604.159
167.018,601.599
168.018,602.623
169.018,610.815
170.018,612.351
171.018,596.479
172.018,599.551
173.018,591.359
174.018,594.943
175.018,598.015
176.018,586.239
177.018,603.135
178.018,593.919
179.018,602.623
180.018,605.183
181.020,598.527
182.020,603.135
183.020,599.551
184.020,603.135
185.020,610.303
186.020,614.399
187.020,607.231
188.020,606.719
189.020,579.583
190.021,604.159
191.021,602.111
192.021,606.719
193.021,598.527
194.021,607.231
195.021,606.719
196.021,604.159
197.021,603.135
198.021,594.431
199.021,607.743
200.021,618.495
201.021,626.687
202.021,636.415
203.021,622.079
204.021,620.031
205.021,613.887
206.021,621.567
207.021,628.735
208.021,625.151
209.021,623.103
210.023,609.791
211.023,607.231
212.023,614.399
213.023,610.303
214.023,607.231
215.023,620.543
216.023,593.407
217.023,614.399
218.023,611.839
219.024,610.303
220.024,620.031
221.024,612.351
222.024,613.375
223.024,609.791
224.024,609.791
225.024,604.159
226.024,614.399
227.024,622.079
228.024,609.791
229.025,608.767
230.025,601.087
231.025,609.279
232.025,611.839
233.025,618.495
234.025,620.543
235.025,616.959
236.025,629.247
237.025,622.591
238.025,601.087
239.025,607.231
240.025,610.815
241.025,608.767
242.025,601.599
243.025,612.863
244.025,608.767
245.025,608.255
246.025,613.887
247.025,626.175
248.025,619.007
249.025,626.175
250.027,621.567
251.027,608.255
252.027,618.495
253.027,615.935
254.027,608.255
255.027,611.327
256.027,626.687
257.027,619.519
258.028,612.863
259.028,615.935
260.028,610.815
261.028,604.159
262.028,602.623
263.028,610.815
264.028,608.255
265.028,614.399
266.028,612.351
267.028,610.303
268.028,610.303
269.028,615.423
270.028,615.935
271.028,619.519
272.028,615.423
273.028,606.719
274.028,598.527
275.028,612.351
276.028,606.207
277.030,602.111
278.030,601.599
279.030,605.183
280.030,593.919
281.030,608.767
282.030,609.279
283.030,599.551
284.030,602.111
285.030,603.647
286.031,609.279
287.031,614.911
288.031,601.599
289.031,601.599
290.031,598.527
291.031,602.623
292.031,604.159
293.031,606.719
294.031,610.303
295.031,602.111
296.031,608.255
297.031,617.471
298.031,608.767
