1616749877.253,780051308544.0
1616749882.253,780036423680.0
1616749887.253,780019310592.0
1616749892.253,780002566144.0
1616749897.253,779986100224.0
1616749902.253,779969490944.0
1616749907.253,779957260288.0
1616749912.253,779940392960.0
1616749917.253,779923767296.0
1616749922.253,779846864896.0
1616749927.253,779843022848.0
1616749932.249,779841527808.0
1616749937.253,779840823296.0
1616749942.253,779840630784.0
1616749947.253,779839823872.0
1616749952.253,779839791104.0
1616749957.253,779838808064.0
1616749962.253,779835404288.0
1616749967.251,779834318848.0
1616749972.253,779833999360.0
1616749977.253,779833667584.0
1616749982.253,779832713216.0
1616749987.253,779832311808.0
1616749992.253,779831533568.0
1616749997.253,779830718464.0
1616750002.253,779829358592.0
1616750007.253,779823403008.0
1616750012.253,779817082880.0
1616750017.253,779809792000.0
1616750022.253,779803910144.0
1616750027.253,779798798336.0
1616750032.253,779794894848.0
1616750037.253,779790639104.0
1616750042.253,779785945088.0
1616750047.253,779782426624.0
1616750052.249,779777937408.0
1616750057.253,779773337600.0
1616750062.253,779702747136.0
1616750067.253,779701596160.0
1616750072.253,779694866432.0
1616750077.253,779691819008.0
1616750082.253,779691003904.0
1616750087.253,779690573824.0
1616750092.253,779690582016.0
1616750097.253,779690430464.0
1616750102.253,779690455040.0
1616750107.253,779690065920.0
1616750112.253,779689963520.0
1616750117.253,779689521152.0
1616750122.253,779689115648.0
1616750127.253,779688972288.0
1616750132.253,779687755776.0
1616750137.253,779687731200.0
1616750142.253,779687792640.0
1616750147.253,779687546880.0
1616750152.253,779687596032.0
1616750157.253,779687071744.0
1616750162.253,779686760448.0
1616750167.253,779687116800.0
