1616749877.068,763584155648.0
1616749882.071,763564249088.0
1616749887.086,763533025280.0
1616749892.085,763514171392.0
1616749897.085,763494723584.0
1616749902.085,763480186880.0
1616749907.085,763452817408.0
1616749912.085,763433893888.0
1616749917.085,763347767296.0
1616749922.085,763343093760.0
1616749927.085,763343015936.0
1616749932.085,763342262272.0
1616749937.085,763342741504.0
1616749942.085,763342069760.0
1616749947.085,763342651392.0
1616749952.085,763342749696.0
1616749957.085,763341873152.0
1616749962.085,763336257536.0
1616749967.085,763334152192.0
1616749972.085,763333185536.0
1616749977.085,763333083136.0
1616749982.085,763328647168.0
1616749987.085,763328827392.0
1616749992.085,763327012864.0
1616749997.085,763323654144.0
1616750002.085,763321847808.0
1616750007.085,763311869952.0
1616750012.085,763311656960.0
1616750017.085,763311869952.0
1616750022.085,763312078848.0
1616750027.085,763311833088.0
1616750032.085,763310772224.0
1616750037.085,763311075328.0
1616750042.085,763310624768.0
1616750047.085,763310825472.0
1616750052.085,763311132672.0
1616750057.085,763312185344.0
1616750062.085,763241299968.0
1616750067.085,763239424000.0
1616750072.085,763237474304.0
1616750077.085,763237294080.0
1616750082.085,763237597184.0
1616750087.085,763235426304.0
1616750092.085,763236478976.0
1616750097.085,763236823040.0
1616750102.085,763236929536.0
1616750107.085,763236995072.0
1616750112.085,763236638720.0
1616750117.085,763237044224.0
1616750122.085,763236999168.0
1616750127.085,763235831808.0
1616750132.085,763235160064.0
1616750137.085,763234566144.0
1616750142.085,763234123776.0
1616750147.085,763230371840.0
1616750152.085,763230277632.0
1616750157.085,763231862784.0
1616750162.085,763231023104.0
1616750167.085,763230502912.0
1616750172.085,763231784960.0
