1616769311.850,34839101440.0
1616769316.827,34839101440.0
1616769321.839,34839105536.0
1616769326.826,34839113728.0
1616769331.850,34839113728.0
1616769336.850,34839117824.0
1616769341.829,34839117824.0
1616769346.839,34839121920.0
1616769351.826,34839126016.0
1616769356.837,34839126016.0
1616769361.850,34839126016.0
1616769366.832,34839130112.0
1616769371.844,34839134208.0
1616769376.829,34839138304.0
1616769381.842,34839138304.0
1616769386.850,34839146496.0
1616769391.835,34839146496.0
1616769396.845,34839146496.0
1616769401.834,34839146496.0
1616769406.850,34839429120.0
1616769411.850,34839433216.0
1616769416.850,34839433216.0
1616769421.850,34839437312.0
1616769426.850,34840207360.0
1616769431.850,34840682496.0
1616769436.850,34840682496.0
1616769441.850,34840690688.0
1616769446.850,34841509888.0
1616769451.850,34841509888.0
1616769456.850,34841513984.0
1616769461.850,34841518080.0
1616769466.850,34842722304.0
1616769471.850,34842722304.0
1616769476.850,34842726400.0
1616769481.850,34843430912.0
1616769486.850,34843439104.0
1616769491.850,34844209152.0
1616769496.850,34844065792.0
1616769501.850,34844364800.0
1616769506.850,34844717056.0
1616769511.850,34845011968.0
1616769516.850,34845016064.0
1616769521.850,34845020160.0
1616769526.830,34845020160.0
1616769531.850,34846142464.0
1616769536.850,34846343168.0
1616769541.850,34846347264.0
1616769546.850,34846969856.0
1616769551.850,34846969856.0
1616769556.850,34846978048.0
1616769561.850,34847645696.0
1616769566.850,34847645696.0
1616769571.850,34848124928.0
1616769576.850,34848296960.0
1616769581.850,34848296960.0
1616769586.850,34849320960.0
1616769591.850,34849804288.0
1616769596.850,34849816576.0
1616769601.850,34849816576.0
1616769606.850,34849828864.0
