1616749877.253,22017708032.0
1616749882.253,22017708032.0
1616749887.253,22017716224.0
1616749892.253,22017716224.0
1616749897.253,22017724416.0
1616749902.253,22017728512.0
1616749907.253,22017728512.0
1616749912.253,22017728512.0
1616749917.253,22017732608.0
1616749922.253,22017736704.0
1616749927.253,22017736704.0
1616749932.249,22017740800.0
1616749937.253,22017744896.0
1616749942.253,22017744896.0
1616749947.253,22017753088.0
1616749952.253,22017753088.0
1616749957.253,22017753088.0
1616749962.253,22017757184.0
1616749967.251,22017761280.0
1616749972.253,22017761280.0
1616749977.253,22017769472.0
1616749982.253,22017769472.0
1616749987.253,22017773568.0
1616749992.253,22017777664.0
1616749997.253,22017785856.0
1616750002.253,22017785856.0
1616750007.253,22017789952.0
1616750012.253,22017789952.0
1616750017.253,22017789952.0
1616750022.253,22017789952.0
1616750027.253,22017802240.0
1616750032.253,22017802240.0
1616750037.253,22017810432.0
1616750042.253,22017810432.0
1616750047.253,22017814528.0
1616750052.249,22017814528.0
1616750057.253,22017818624.0
1616750062.253,22017822720.0
1616750067.253,22017826816.0
1616750072.253,22017826816.0
1616750077.253,22017830912.0
1616750082.253,22017835008.0
1616750087.253,22017839104.0
1616750092.253,22017839104.0
1616750097.253,22017839104.0
1616750102.253,22017843200.0
1616750107.253,22017851392.0
1616750112.253,22017851392.0
1616750117.253,22017851392.0
1616750122.253,22017855488.0
1616750127.253,22017863680.0
1616750132.253,22017863680.0
1616750137.253,22017867776.0
1616750142.253,22017867776.0
1616750147.253,22017871872.0
1616750152.253,22017875968.0
1616750157.253,22017875968.0
1616750162.253,22017875968.0
1616750167.253,22017884160.0
