1616749096.558,94961848320.0
1616749101.547,94961860608.0
1616749106.551,94961876992.0
1616749111.549,94961885184.0
1616749116.547,94961901568.0
1616749121.548,94961917952.0
1616749126.548,94961926144.0
1616749131.549,94961942528.0
1616749136.548,94961950720.0
1616749141.549,94961963008.0
1616749146.571,94961975296.0
1616749151.556,94961983488.0
1616749156.556,94961991680.0
1616749161.547,94962012160.0
1616749166.547,94962024448.0
1616749171.559,94962044928.0
1616749176.547,94962044928.0
1616749181.549,94962061312.0
1616749186.549,94962077696.0
1616749191.552,94962085888.0
1616749196.554,94962089984.0
1616749201.555,94962114560.0
1616749206.569,94962184192.0
1616749211.570,94962188288.0
1616749216.557,94962200576.0
1616749221.548,94962212864.0
1616749226.569,94962221056.0
1616749231.552,94962237440.0
1616749236.564,94962241536.0
1616749241.551,94962253824.0
1616749246.548,94962266112.0
1616749251.556,94962286592.0
1616749256.549,94962302976.0
1616749261.547,94962307072.0
1616749266.549,94962319360.0
1616749271.548,94962339840.0
1616749276.557,94962343936.0
1616749281.547,94962360320.0
1616749286.548,94962372608.0
1616749291.549,94962384896.0
1616749296.553,94962388992.0
1616749301.550,94962405376.0
1616749306.548,94962417664.0
1616749311.548,94962429952.0
1616749316.552,94962442240.0
1616749321.550,94962446336.0
1616749326.570,94962462720.0
1616749331.548,94962483200.0
1616749336.547,94962491392.0
1616749341.553,94962495488.0
1616749346.548,94962511872.0
1616749351.568,94962528256.0
1616749356.550,94962532352.0
1616749361.571,94962540544.0
1616749366.553,94962556928.0
1616749371.561,94962569216.0
1616749376.560,94962577408.0
1616749381.571,94962593792.0
1616749386.565,94962606080.0
