1616749096.617,8636067840.0
1616749101.613,8635293696.0
1616749106.617,8637042688.0
1616749111.617,8634343424.0
1616749116.617,8634368000.0
1616749121.617,8634621952.0
1616749126.617,8635219968.0
1616749131.617,8635645952.0
1616749136.616,8637235200.0
1616749141.617,8643784704.0
1616749146.617,8722501632.0
1616749151.617,8725983232.0
1616749156.617,8726257664.0
1616749161.617,8726212608.0
1616749166.617,8726380544.0
1616749171.617,8726360064.0
1616749176.617,8726884352.0
1616749181.617,8727007232.0
1616749186.613,8727375872.0
1616749191.615,8730923008.0
1616749196.617,8730644480.0
1616749201.617,8731209728.0
1616749206.617,8732188672.0
1616749211.617,8732397568.0
1616749216.617,8732917760.0
1616749221.617,8733937664.0
1616749226.617,8734179328.0
1616749231.616,8734015488.0
1616749236.617,8734625792.0
1616749241.617,8734629888.0
1616749246.617,8735485952.0
1616749251.617,8738013184.0
1616749256.616,8780955648.0
1616749261.617,8781455360.0
1616749266.617,8783843328.0
1616749271.617,8783867904.0
1616749276.617,8783777792.0
1616749281.617,8783773696.0
1616749286.617,8784015360.0
1616749291.617,8787038208.0
1616749296.617,8787488768.0
1616749301.616,8787566592.0
1616749306.617,8787058688.0
1616749311.617,8787378176.0
1616749316.617,8787316736.0
1616749321.617,8788201472.0
1616749326.617,8787988480.0
1616749331.617,8787804160.0
1616749336.617,8787726336.0
1616749341.616,8787931136.0
1616749346.617,8787767296.0
1616749351.617,8788205568.0
1616749356.617,8788623360.0
1616749361.617,8789065728.0
1616749366.617,8789680128.0
1616749371.617,8793415680.0
1616749376.617,8798658560.0
1616749381.617,8800497664.0
1616749386.617,8802062336.0
