1616749877.224,701638950912.0
1616749882.226,701615386624.0
1616749887.224,701512187904.0
1616749892.224,701511077888.0
1616749897.229,701512036352.0
1616749902.234,701511262208.0
1616749907.224,701510500352.0
1616749912.224,701522751488.0
1616749917.232,701520125952.0
1616749922.241,701518802944.0
1616749927.232,701517520896.0
1616749932.227,701517508608.0
1616749937.229,701517713408.0
1616749942.229,701500223488.0
1616749947.225,701499265024.0
1616749952.248,701499011072.0
1616749957.231,701495975936.0
1616749962.238,701495713792.0
1616749967.225,701496258560.0
1616749972.239,701499002880.0
1616749977.235,701499281408.0
1616749982.227,701499621376.0
1616749987.231,701495787520.0
1616749992.248,701482295296.0
1616749997.226,701477847040.0
1616750002.229,701476491264.0
1616750007.232,701477281792.0
1616750012.231,701406834688.0
1616750017.224,701406367744.0
1616750022.224,701405351936.0
1616750027.224,701409259520.0
1616750032.224,701409751040.0
1616750037.224,701409701888.0
1616750042.224,701408903168.0
1616750047.225,701408374784.0
1616750052.224,701408301056.0
1616750057.248,701411807232.0
1616750062.233,701411405824.0
1616750067.248,701390348288.0
1616750072.248,701402693632.0
1616750077.229,701402640384.0
1616750082.224,701405806592.0
1616750087.226,701406777344.0
1616750092.230,701406289920.0
1616750097.235,701405753344.0
1616750102.238,701405032448.0
1616750107.239,701406670848.0
1616750112.231,701409890304.0
1616750117.230,701409898496.0
1616750122.224,701409005568.0
1616750127.248,701408043008.0
1616750132.238,701407870976.0
1616750137.227,701410979840.0
1616750142.225,701411110912.0
1616750147.225,701410906112.0
1616750152.248,701411741696.0
1616750157.240,701411344384.0
1616750162.248,701415198720.0
1616750167.248,701416652800.0
