1616749096.558,12729946112.0
1616749101.547,12731027456.0
1616749106.551,12730761216.0
1616749111.549,12730339328.0
1616749116.547,12747919360.0
1616749121.548,12749090816.0
1616749126.548,12748734464.0
1616749131.549,12755111936.0
1616749136.548,12760211456.0
1616749141.549,12834054144.0
1616749146.571,12823584768.0
1616749151.556,12823203840.0
1616749156.556,12822011904.0
1616749161.547,12838723584.0
1616749166.547,12839510016.0
1616749171.559,12839809024.0
1616749176.547,12845400064.0
1616749181.549,12851580928.0
1616749186.549,12883099648.0
1616749191.552,12883853312.0
1616749196.554,12901429248.0
1616749201.555,12901408768.0
1616749206.569,12923068416.0
1616749211.570,12924256256.0
1616749216.557,12940697600.0
1616749221.548,12940496896.0
1616749226.569,12957413376.0
1616749231.552,12952010752.0
1616749236.564,12956295168.0
1616749241.551,12956921856.0
1616749246.548,12958732288.0
1616749251.556,13007269888.0
1616749256.549,13001998336.0
1616749261.547,13002600448.0
1616749266.549,13002661888.0
1616749271.548,13002801152.0
1616749276.557,13002780672.0
1616749281.547,12996743168.0
1616749286.548,12998230016.0
1616749291.549,13000679424.0
1616749296.553,13000384512.0
1616749301.550,13000830976.0
1616749306.548,12995670016.0
1616749311.548,12995219456.0
1616749316.552,12994912256.0
1616749321.550,12996186112.0
1616749326.570,12990820352.0
1616749331.548,12990816256.0
1616749336.547,12991688704.0
1616749341.553,12992421888.0
1616749346.548,12992606208.0
1616749351.568,12987568128.0
1616749356.550,12987846656.0
1616749361.571,12987879424.0
1616749366.553,12985798656.0
1616749371.561,12982026240.0
1616749376.560,12980453376.0
1616749381.571,12980781056.0
1616749386.565,12981624832.0
