1616749096.617,817712.8
1616749101.613,924247.2
1616749106.617,924382.6
1616749111.617,932012.8
1616749116.617,919214.8
1616749121.617,926281.0
1616749126.617,892725.2
1616749131.617,939543.6
1616749136.616,933002.0
1616749141.617,937668.0
1616749146.617,920402.6
1616749151.617,930837.8
1616749156.617,944739.2
1616749161.617,921770.4
1616749166.617,933296.0
1616749171.617,929436.0
1616749176.617,920953.6
1616749181.617,933061.0
1616749186.613,937320.4
1616749191.615,949802.4
1616749196.617,932713.2
1616749201.617,945736.2
1616749206.617,927322.6
1616749211.617,941914.8
1616749216.617,905551.8
1616749221.617,905615.8
1616749226.617,943680.2
1616749231.616,942531.4
1616749236.617,933746.6
1616749241.617,957048.0
1616749246.617,932571.8
1616749251.617,936329.0
1616749256.616,920227.4
1616749261.617,933275.8
1616749266.617,947593.4
1616749271.617,931714.2
1616749276.617,943694.4
1616749281.617,914907.4
1616749286.617,946860.4
1616749291.617,902905.4
1616749296.617,908487.2
1616749301.616,913501.2
1616749306.617,921581.0
1616749311.617,917411.0
1616749316.617,910034.6
1616749321.617,935753.6
1616749326.617,946216.4
1616749331.617,921581.4
1616749336.617,917688.2
1616749341.616,937330.0
1616749346.617,935046.8
1616749351.617,914531.0
1616749356.617,943608.4
1616749361.617,941715.0
1616749366.617,943591.8
1616749371.617,923440.0
1616749376.617,922764.0
1616749381.617,938059.4
1616749386.617,950241.4
