1616769311.850,9596215.2
1616769316.827,1306958.2
1616769321.839,1272194.4
1616769326.826,1238936.6
1616769331.850,1252225.8
1616769336.850,1268037.0
1616769341.829,1290688.4
1616769346.839,1278119.2
1616769351.826,1289361.2
1616769356.837,1279620.2
1616769361.850,1270959.8
1616769366.832,1285776.6
1616769371.844,1289188.2
1616769376.829,1269104.8
1616769381.842,1269776.8
1616769386.850,1273922.6
1616769391.835,1273537.8
1616769396.845,1287872.0
1616769401.834,1268102.0
1616769406.850,1277583.8
1616769411.850,1295863.4
1616769416.850,1268113.4
1616769421.850,1241882.4
1616769426.850,1272834.6
1616769431.850,1275368.8
1616769436.850,1229309.2
1616769441.850,1272836.6
1616769446.850,1284628.0
1616769451.850,1246729.4
1616769456.850,1292253.6
1616769461.850,1245882.0
1616769466.850,1276398.6
1616769471.850,1273032.8
1616769476.850,1263392.0
1616769481.850,1261418.6
1616769486.850,1261773.4
1616769491.850,1282431.8
1616769496.850,1280571.6
1616769501.850,1278420.2
1616769506.850,1317560.6
1616769511.850,1274722.4
1616769516.850,1276958.6
1616769521.850,1272056.6
1616769526.830,1254742.0
1616769531.850,1273234.2
1616769536.850,1291660.4
1616769541.850,1282797.8
1616769546.850,1262577.4
1616769551.850,1276902.8
1616769556.850,1267308.8
1616769561.850,1302081.2
1616769566.850,1308377.8
1616769571.850,1266774.0
1616769576.850,1272999.6
1616769581.850,1277396.8
1616769586.850,1286373.8
1616769591.850,1281165.0
1616769596.850,1258549.2
1616769601.850,1259352.0
1616769606.850,1260632.2
