1616769311.935,24634988.0
1616769316.933,1388182.2
1616769321.914,1364300.2
1616769326.919,1364553.6
1616769331.919,1388218.2
1616769336.923,1387175.8
1616769341.932,1367164.0
1616769346.915,1372635.2
1616769351.935,1376367.2
1616769356.935,1371640.4
1616769361.935,1402618.0
1616769366.914,1402308.2
1616769371.935,1388317.0
1616769376.935,1360988.2
1616769381.935,1363788.8
1616769386.935,1382893.2
1616769391.935,1383727.0
1616769396.935,1407759.0
1616769401.935,1397636.4
1616769406.935,1370986.2
1616769411.935,1404346.4
1616769416.935,1365780.8
1616769421.935,1382644.2
1616769426.935,1399358.0
1616769431.935,1398011.2
1616769436.935,1416019.8
1616769441.935,1411420.8
1616769446.935,1378868.4
1616769451.935,1368265.6
1616769456.935,1364800.0
1616769461.935,1368421.8
1616769466.935,1382630.8
1616769471.935,1383713.6
1616769476.935,1385628.8
1616769481.935,1376152.6
1616769486.935,1372170.8
1616769491.935,1405473.8
1616769496.935,1388549.0
1616769501.935,1372260.2
1616769506.935,1407345.4
1616769511.935,1388308.0
1616769516.935,1392449.6
1616769521.935,1377616.8
1616769526.935,1395533.0
1616769531.935,1354872.6
1616769536.935,1384510.2
1616769541.935,1373445.4
1616769546.935,1397671.4
1616769551.935,1387746.2
1616769556.935,1406746.4
1616769561.935,1149226.6
1616769566.935,1380365.6
1616769571.935,1382944.2
1616769576.935,1409462.8
1616769581.935,1386872.0
1616769586.935,1361131.2
1616769591.935,1367154.0
1616769596.912,1378304.0
1616769601.920,1400597.6
1616769606.935,1392249.6
