1616749877.253,1465160.0
1616749882.253,1238419.8
1616749887.253,1279885.2
1616749892.253,1282324.6
1616749897.253,1245350.6
1616749902.253,1241592.6
1616749907.253,1228762.0
1616749912.253,1247713.6
1616749917.253,1257077.0
1616749922.253,1252909.4
1616749927.253,1250475.8
1616749932.249,1245517.2
1616749937.253,1243595.0
1616749942.253,1234193.8
1616749947.253,1284471.6
1616749952.253,1250414.2
1616749957.253,1246381.2
1616749962.253,1285654.0
1616749967.251,1268123.8
1616749972.253,1296542.2
1616749977.253,1276430.0
1616749982.253,1230297.4
1616749987.253,1258157.4
1616749992.253,1254134.4
1616749997.253,1251642.2
1616750002.253,1268846.8
1616750007.253,1258032.8
1616750012.253,1233342.4
1616750017.253,1250364.6
1616750022.253,1267710.0
1616750027.253,1245098.6
1616750032.253,1261130.2
1616750037.253,1228587.4
1616750042.253,1261634.2
1616750047.253,1248901.2
1616750052.249,1246954.2
1616750057.253,1232308.2
1616750062.253,1260535.4
1616750067.253,1252640.4
1616750072.253,1241740.6
1616750077.253,1262195.2
1616750082.253,1282266.8
1616750087.253,1260196.4
1616750092.253,1259614.4
1616750097.253,1269921.0
1616750102.253,1290379.0
1616750107.253,1269931.8
1616750112.253,1272859.6
1616750117.253,1234218.0
1616750122.253,1249914.6
1616750127.253,1291441.2
1616750132.253,1262893.2
1616750137.253,1234561.8
1616750142.253,1270242.4
1616750147.253,1251948.6
1616750152.253,1261204.0
1616750157.253,1269278.0
1616750162.253,1237443.8
1616750167.253,1276247.6
