1616749877.253,10970.2
1616749882.253,12215.0
1616749887.253,12649.6
1616749892.253,12181.6
1616749897.253,11903.4
1616749902.253,11994.0
1616749907.253,11889.8
1616749912.253,11936.8
1616749917.253,12124.6
1616749922.253,12048.6
1616749927.253,12040.2
1616749932.249,11946.6
1616749937.253,12004.8
1616749942.253,11917.2
1616749947.253,12193.6
1616749952.253,11872.4
1616749957.253,11831.8
1616749962.253,12124.0
1616749967.251,11853.8
1616749972.253,11779.4
1616749977.253,12001.2
1616749982.253,11803.8
1616749987.253,11937.0
1616749992.253,11784.6
1616749997.253,11897.6
1616750002.253,11826.0
1616750007.253,11851.2
1616750012.253,11671.8
1616750017.253,11898.8
1616750022.253,11929.2
1616750027.253,11834.8
1616750032.253,11944.2
1616750037.253,11805.2
1616750042.253,11850.6
1616750047.253,11798.2
1616750052.249,11779.8
1616750057.253,11746.8
1616750062.253,12051.0
1616750067.253,11895.0
1616750072.253,11773.0
1616750077.253,11875.4
1616750082.253,11912.8
1616750087.253,11773.2
1616750092.253,11788.6
1616750097.253,11802.4
1616750102.253,11906.8
1616750107.253,11879.6
1616750112.253,11894.0
1616750117.253,11610.0
1616750122.253,11737.6
1616750127.253,11929.8
1616750132.253,11872.2
1616750137.253,11858.2
1616750142.253,11910.0
1616750147.253,11733.6
1616750152.253,11883.8
1616750157.253,11812.0
1616750162.253,11716.6
1616750167.253,11980.0
