1616749877.224,38119.2
1616749882.226,43868.4
1616749887.224,43287.8
1616749892.224,43301.2
1616749897.229,42962.0
1616749902.234,42849.4
1616749907.224,42618.0
1616749912.224,43115.8
1616749917.232,43213.8
1616749922.241,42925.2
1616749927.232,42639.4
1616749932.227,42652.6
1616749937.229,43005.8
1616749942.229,42691.4
1616749947.225,42628.2
1616749952.248,42672.0
1616749957.231,42532.4
1616749962.238,43008.6
1616749967.225,42638.6
1616749972.239,42978.6
1616749977.235,42714.2
1616749982.227,42767.8
1616749987.231,42906.6
1616749992.248,43178.2
1616749997.226,42504.0
1616750002.229,42743.0
1616750007.232,42717.8
1616750012.231,42615.8
1616750017.224,42587.4
1616750022.224,42622.8
1616750027.224,42585.4
1616750032.224,42675.4
1616750037.224,42892.2
1616750042.224,42602.8
1616750047.225,42764.0
1616750052.224,42620.6
1616750057.248,43000.6
1616750062.233,42293.8
1616750067.248,43028.4
1616750072.248,42482.4
1616750077.229,42122.4
1616750082.224,42172.6
1616750087.226,42229.8
1616750092.230,42318.6
1616750097.235,42261.0
1616750102.238,42430.0
1616750107.239,42396.4
1616750112.231,42320.6
1616750117.230,42321.8
1616750122.224,42146.2
1616750127.248,42818.8
1616750132.238,42253.6
1616750137.227,42322.4
1616750142.225,42412.4
1616750147.225,42197.2
1616750152.248,42679.6
1616750157.240,42352.8
1616750162.248,42578.8
1616750167.248,42573.8
