1616749877.253,9394.8
1616749882.253,10425.6
1616749887.253,10719.0
1616749892.253,10430.0
1616749897.253,10137.4
1616749902.253,10290.0
1616749907.253,10159.6
1616749912.253,10205.0
1616749917.253,10296.0
1616749922.253,10230.2
1616749927.253,10204.0
1616749932.249,10122.0
1616749937.253,10010.6
1616749942.253,10004.0
1616749947.253,10439.2
1616749952.253,10164.8
1616749957.253,9995.8
1616749962.253,10413.2
1616749967.251,10308.6
1616749972.253,10230.8
1616749977.253,10632.4
1616749982.253,10146.6
1616749987.253,10285.6
1616749992.253,10106.8
1616749997.253,10234.2
1616750002.253,10269.4
1616750007.253,10404.4
1616750012.253,10028.6
1616750017.253,10118.2
1616750022.253,10120.6
1616750027.253,10142.6
1616750032.253,10129.8
1616750037.253,10091.6
1616750042.253,10051.6
1616750047.253,10144.8
1616750052.249,9991.8
1616750057.253,10196.2
1616750062.253,10170.8
1616750067.253,10223.8
1616750072.253,10147.4
1616750077.253,9941.6
1616750082.253,10086.6
1616750087.253,10287.6
1616750092.253,10079.6
1616750097.253,10118.6
1616750102.253,10557.4
1616750107.253,10194.0
1616750112.253,10040.4
1616750117.253,9813.4
1616750122.253,10070.4
1616750127.253,10368.4
1616750132.253,10053.8
1616750137.253,10021.4
1616750142.253,10032.6
1616750147.253,9928.2
1616750152.253,10045.2
1616750157.253,10076.4
1616750162.253,10122.6
1616750167.253,10070.8
