1616749096.558,27292.8
1616749101.547,22944.6
1616749106.551,22387.4
1616749111.549,22537.8
1616749116.547,22595.0
1616749121.548,22182.0
1616749126.548,22341.4
1616749131.549,22142.4
1616749136.548,23152.2
1616749141.549,23614.2
1616749146.571,21965.6
1616749151.556,21928.2
1616749156.556,21049.6
1616749161.547,21739.0
1616749166.547,22052.6
1616749171.559,22316.8
1616749176.547,21959.8
1616749181.549,22117.6
1616749186.549,21933.8
1616749191.552,21851.4
1616749196.554,21639.2
1616749201.555,21007.6
1616749206.569,23217.8
1616749211.570,21520.4
1616749216.557,20706.2
1616749221.548,21563.8
1616749226.569,21512.0
1616749231.552,21240.4
1616749236.564,21170.8
1616749241.551,21003.2
1616749246.548,20600.8
1616749251.556,21196.2
1616749256.549,22109.0
1616749261.547,21960.4
1616749266.549,21410.0
1616749271.548,20737.8
1616749276.557,20310.4
1616749281.547,20956.8
1616749286.548,21985.2
1616749291.549,21172.4
1616749296.553,21078.4
1616749301.550,21095.2
1616749306.548,21838.8
1616749311.548,21455.6
1616749316.552,21186.6
1616749321.550,20576.4
1616749326.570,20832.4
1616749331.548,20609.4
1616749336.547,20916.8
1616749341.553,21118.0
1616749346.548,21474.4
1616749351.568,21347.6
1616749356.550,21409.6
1616749361.571,21441.8
1616749366.553,21164.2
1616749371.561,21459.2
1616749376.560,20935.8
1616749381.571,21174.0
1616749386.565,21060.8
