1616749092.415,2999.001
1616749093.415,3001.0
1616749094.415,3002.0
1616749095.415,2999.0
1616749096.415,3001.0
1616749097.416,2997.003
1616749098.416,3001.0
1616749099.416,3001.0
1616749100.416,3001.0
1616749101.416,3000.0
1616749102.416,3000.0
1616749103.416,3000.0
1616749104.417,2998.002
1616749105.417,3000.0
1616749106.417,3000.0
1616749107.417,3000.0
1616749108.417,3001.0
1616749109.417,3000.0
1616749110.417,3001.0
1616749111.417,3000.0
1616749112.417,2999.0
1616749113.418,2998.002
1616749114.418,3000.0
1616749115.418,3001.0
1616749116.418,3000.0
1616749117.418,3001.0
1616749118.418,3000.0
1616749119.418,3000.0
1616749120.418,2999.0
1616749121.418,3001.0
1616749122.419,3000.0
1616749123.419,2998.0
1616749124.419,3000.0
1616749125.419,3001.0
1616749126.419,3003.0
1616749127.419,3000.0
1616749128.419,3000.0
1616749129.42,2999.001
1616749130.42,3000.0
1616749131.42,3000.0
1616749132.42,3000.0
1616749133.42,3000.0
1616749134.42,3001.0
1616749135.42,3000.0
1616749136.421,2997.003
1616749137.421,3000.0
1616749138.421,3000.0
1616749139.421,3000.0
1616749140.421,3002.0
1616749141.421,2999.0
1616749142.421,3000.0
1616749143.421,3000.0
1616749144.422,2997.003
1616749145.422,3001.0
1616749146.422,3001.0
1616749147.422,2999.0
1616749148.422,3001.0
1616749149.422,3001.0
1616749150.422,3001.0
1616749151.422,3000.0
1616749152.422,3001.0
1616749153.423,2996.004
1616749154.423,3001.0
1616749155.423,3001.0
1616749156.423,3000.0
1616749157.423,3000.0
1616749158.423,3001.0
1616749159.423,3000.0
1616749160.423,3001.0
1616749161.423,3000.0
1616749162.424,2997.003
1616749163.424,3001.0
1616749164.424,3000.0
1616749165.424,3000.0
1616749166.424,3000.0
1616749167.424,3000.0
1616749168.424,3001.0
1616749169.425,2997.003
1616749170.425,3001.0
1616749171.425,3000.0
1616749172.425,3000.0
1616749173.425,3001.0
1616749174.425,3000.0
1616749175.425,3000.0
1616749176.425,2999.0
1616749177.426,2998.002
1616749178.426,3002.0
1616749179.426,3000.0
1616749180.426,3001.0
1616749181.426,3001.0
1616749182.426,3000.0
1616749183.426,3000.0
1616749184.426,3001.0
1616749185.427,2996.004
1616749186.427,3001.0
1616749187.427,3001.0
1616749188.427,3000.0
1616749189.427,3000.0
1616749190.427,3001.0
1616749191.427,3000.0
1616749192.427,3001.0
1616749193.427,2999.0
1616749194.428,2997.003
1616749195.428,3001.0
1616749196.428,3001.0
1616749197.428,2998.0
1616749198.428,3001.0
1616749199.428,3001.0
1616749200.428,3000.0
1616749201.428,3005.0
1616749202.429,2992.008
1616749203.429,3003.0
1616749204.429,3000.0
1616749205.429,2996.0
1616749206.429,3004.0
1616749207.429,3002.0
1616749208.429,3000.0
1616749209.429,3000.0
1616749210.43,2997.003
1616749211.43,3000.0
1616749212.43,3000.0
1616749213.43,3002.0
1616749214.43,3000.0
1616749215.43,3000.0
1616749216.43,3000.0
1616749217.43,3001.0
1616749218.43,2999.0
1616749219.431,2998.002
1616749220.431,3000.0
1616749221.431,3000.0
1616749222.431,3000.0
1616749223.431,3001.0
1616749224.431,3001.0
1616749225.431,2999.0
1616749226.431,3001.0
1616749227.432,2997.003
1616749228.432,3000.0
1616749229.432,3001.0
1616749230.432,3001.0
1616749231.432,3001.0
1616749232.432,3000.0
1616749233.432,3001.0
1616749234.432,3000.0
1616749235.433,2997.003
1616749236.433,3000.0
1616749237.433,3001.0
1616749238.433,3000.0
1616749239.433,3001.0
1616749240.433,3000.0
1616749241.433,3001.0
1616749242.433,3001.0
1616749243.434,2996.004
1616749244.434,3001.0
1616749245.434,3000.0
1616749246.434,3001.0
1616749247.434,2999.0
1616749248.434,3000.0
1616749249.434,3001.0
1616749250.434,3000.0
1616749251.434,3001.0
1616749252.435,2998.002
1616749253.435,3004.0
1616749254.435,2996.0
1616749255.435,3002.0
1616749256.435,3000.0
1616749257.435,2999.0
1616749258.436,2998.002
1616749259.436,3000.0
1616749260.436,3001.0
1616749261.436,3001.0
1616749262.436,3000.0
1616749263.436,3000.0
1616749264.436,3000.0
1616749265.436,3000.0
1616749266.436,3002.0
1616749267.437,2997.003
1616749268.437,3000.0
1616749269.437,3000.0
1616749270.437,3000.0
1616749271.437,3000.0
1616749272.437,3001.0
1616749273.437,3000.0
1616749274.437,3000.0
1616749275.437,3000.0
1616749276.438,2997.003
1616749277.438,3001.0
1616749278.438,3000.0
1616749279.438,3001.0
1616749280.438,3000.0
1616749281.438,3000.0
1616749282.438,2999.0
1616749283.438,3001.0
1616749284.438,3000.0
1616749285.438,3000.0
1616749286.438,3001.0
1616749287.439,2997.003
1616749288.439,3000.0
1616749289.439,3002.0
1616749290.439,3002.0
1616749291.439,3000.0
1616749292.439,2999.0
1616749293.439,3000.0
1616749294.439,3001.0
1616749295.439,3000.0
1616749296.44,2997.003
1616749297.44,3001.0
1616749298.44,3000.0
1616749299.44,3001.0
1616749300.44,3001.0
1616749301.44,2999.0
1616749302.44,3001.0
1616749303.44,3000.0
1616749304.44,3000.0
1616749305.44,2999.0
1616749306.441,2998.002
1616749307.441,3000.0
1616749308.441,3000.0
1616749309.441,3001.0
1616749310.441,2999.0
1616749311.441,3001.0
1616749312.441,3000.0
1616749313.441,3001.0
1616749314.441,3000.0
1616749315.441,3000.0
1616749316.442,2997.003
1616749317.442,3000.0
1616749318.442,3001.0
1616749319.442,3000.0
1616749320.442,3000.0
1616749321.442,3002.0
1616749322.442,2999.0
1616749323.442,3001.0
1616749324.442,3000.0
1616749325.442,3000.0
1616749326.442,3002.0
1616749327.443,2996.004
1616749328.443,2999.0
1616749329.443,3002.0
1616749330.443,3000.0
1616749331.443,3000.0
1616749332.443,3002.0
1616749333.443,3000.0
1616749334.443,2999.0
1616749335.443,3001.0
1616749336.443,3000.0
1616749337.444,2997.003
1616749338.444,3001.0
1616749339.444,3000.0
1616749340.444,3000.0
1616749341.444,3000.0
1616749342.444,3001.0
1616749343.444,3000.0
1616749344.444,3000.0
1616749345.444,3000.0
1616749346.444,3001.0
1616749347.445,2997.003
1616749348.445,2999.0
1616749349.445,3001.0
1616749350.445,3000.0
1616749351.445,3001.0
1616749352.445,2999.0
1616749353.445,3002.0
1616749354.445,3000.0
1616749355.445,3000.0
1616749356.446,2996.004
1616749357.446,3003.0
1616749358.446,3000.0
1616749359.446,3000.0
1616749360.446,3001.0
1616749361.446,3000.0
1616749362.446,3000.0
1616749363.446,3001.0
1616749364.446,2999.0
1616749365.446,3002.0
1616749366.447,2997.003
1616749367.447,2999.0
1616749368.447,3002.0
1616749369.447,3000.0
1616749370.447,3000.0
1616749371.447,3000.0
1616749372.447,3000.0
1616749373.447,3000.0
1616749374.447,3001.0
1616749375.447,3000.0
1616749376.448,2996.004
1616749377.448,3001.0
1616749378.448,3001.0
1616749379.448,2999.0
1616749380.448,3001.0
1616749381.448,3000.0
1616749382.448,3000.0
1616749383.448,3000.0
1616749384.448,3001.0
1616749385.448,3000.0
1616749386.449,2996.004
1616749387.449,3002.0
1616749388.449,3002.0
1616749389.449,2999.0
1616749390.449,3001.0
